0.3453381786593138,274.37838701347476,274.98429212814904,244.75880317755218
0.34898040313674994,275.40067315409084,274.1320049242725,244.97482752179565
0.35263493572227833,274.40429207264555,273.1354186001857,245.19088528068875
0.3563029318340145,273.40424026108934,272.12330852676087,245.4069764320571
0.359984288377973,272.41076031923416,271.1564067506101,245.6231009406155
0.3636750955656785,271.9119672786032,270.7308097808012,245.83925875815734
0.3673706252145817,271.41253602235696,270.4637352717533,246.0554498246505
0.37106865767807373,270.91276652397687,270.36441785871637,246.2716740681975
0.37476770114595814,270.85177,270.3159048965385,246.48793140514547
0.3784673219716873,270.85177,270.2800380430011,246.70422174041357
0.3821674595981934,270.85177,270.24040001540186,246.92054496748156
0.38586905974917873,270.48373332315924,270.06652821416156,247.1369009687918
0.3895734284602514,269.98599188081766,269.8366290120079,247.35328961561873
0.3932820166651268,269.4876834817028,269.4524224089746,247.56971076774522
0.39699632963507925,269.29178,269.00553570450654,247.78616427477155
0.40071711458368353,269.29178,268.5158978559342,248.0026499755102
0.40444484545832515,269.29178,268.00400871472533,248.21916769832134
0.40818038219171837,269.047254497573,267.3949796141858,248.4357172618543
0.4119247580816796,268.5470336147919,266.74023116643303,248.65229847486566
0.41567876733526843,268.0455257859884,266.02446780663917,248.86891113694094
0.419443096722823,267.3479269312809,265.27970989106376,249.08555503858065
0.42321815060947154,266.34798961728825,264.51515535307516,249.3022299617771
0.4270041398411294,265.34515574609543,263.74947492002207,249.51893568034933
0.4307997588376072,264.50404616006074,263.1744296761448,249.7356719603498
0.43460304651302417,264.00468529865685,262.686848802628,249.95243856047037
0.4384120950243517,263.5045680558724,262.3788420820954,250.16923523238577
0.44222499728764014,263.0047350999826,262.1560719117292,250.38606172083703
0.44603915856300635,262.5068310047441,262.2056090603579,250.6029177641483
0.4498519076594653,262.0091112566294,262.3503220062279,250.81980309464151
0.4536621690703586,261.7394237467402,262.54812152042547,251.03671743765605
0.4574694724588858,262.2364326071695,262.7581426764776,251.25366051279153
0.4612739972553661,262.7330787476561,262.9317463648175,251.47063203345985
0.4650759813762874,263.14115,263.1094375523011,251.6876317062056
0.46887448005855376,263.14115,263.4145496588331,251.90465923173514
0.47266856645224736,263.14115,263.72175450946077,252.12171430484068
0.47645991388372866,263.14115,263.7951968938958,252.3387966130507
0.48025060647559836,263.14115,263.812873075813,252.55590583855223
0.48404126016711524,263.14115,263.8006109931885,252.77304165696947
0.4878318874227955,263.16897021634907,263.81655284926114,252.99020373723084
0.491620606480122,263.6664182596071,264.0664646023657,253.20739174268462
0.4954054365418976,264.16335568880334,264.35900769905874,253.4246053305084
0.4991861361919187,264.6597508066764,264.64376021015886,253.64184415179824
0.5029627616311996,264.66551,264.92969503800487,253.85910785139367
0.5067351978753027,264.66551,265.23185581441265,254.07639606803008
0.5105033613404546,264.66551,265.5308494593404,254.29370843461763
0.5142675090525153,265.11813899261205,265.7980618465377,254.51104457716792
0.5180277124384065,265.6147028366443,266.08821927861476,254.72840411616994
0.521782723398025,266.1105809807595,266.5337679909339,254.94578666543745
0.5255315986472879,266.1987,266.95991829011274,255.1631918324734
0.5292761381658119,266.1987,267.1512178508055,255.38061921824195
0.5330183695381481,266.1987,267.2893162978511,255.59806841769415
0.5367593447016026,266.5572338918174,267.33064897010587,255.81553901885349
0.5404999484711511,267.05407048569407,267.3423942553542,256.0330306031784
0.5442409698845938,267.5509625521047,267.2709678904153,256.25054274615565
0.5479829907277076,267.74077,267.1996081708741,256.46807501649687
0.5517254737978113,267.74077,267.2049469696276,256.6856269769979
0.5554677160620423,267.74077,267.2339975706089,256.90319818428907
0.5592090830819124,267.74077,267.3299876964921,257.12078818859806
0.5629491636524175,267.74077,267.4178650058508,257.3383965347503
0.5666888151248033,267.74077,267.3913330412793,257.5560227610939
0.5704289492231944,267.74077,267.34885541358256,257.77366640041464
0.5741695420215218,267.74077,267.32575675670836,257.99132697964757
0.5779104130207386,267.74077,267.30909228296355,258.20900401994413
0.5816513800242029,267.74077,267.31203594632393,258.4266970368456
0.5853922974088221,267.74077,267.31618341594367,258.64440554052584
0.5891332554471027,267.74077,267.3062261989511,258.86212903539104
0.5928744722906303,267.74077,267.2792011524021,259.0798670209473
0.5966167324280904,267.74077,267.15721714311036,259.2976189909413
0.6003610421577934,267.74077,266.986683398915,259.51538443422777
0.6041092029000552,267.689075071827,266.6086294709491,259.73316283455455
0.6078631814880742,267.19046200023126,266.1598379837073,259.95095367054154
0.6116250068226596,266.6908067036159,265.49778125945335,260.16875641642343
0.6153964152553083,266.1899293535498,264.808975462977,260.3865705418388
0.6191770302887984,265.69066999410137,264.2061660360689,260.6043955123702
0.6229661398283837,265.19028886963997,263.62297710094447,260.82223078982685
0.6267634156987363,264.6888293182476,263.07096486936445,261.0400758325593
0.6305687677084715,264.1890631142045,262.5052006047404,261.2579300954687
0.6343830339765507,263.6882607947894,261.8428785420701,261.4757930314438
0.6382068614621048,263.18620311469647,261.19407462037765,261.6936640899892
0.6420392123808676,262.6856650301296,260.67931022365093,261.91154271854987
0.6458789513556298,262.18442199865933,260.1898892017157,262.12942836302966
0.6497256548771316,261.6822698088989,259.73620119923083,262.34732046740476
0.6535792545966834,260.74056029796105,259.2594996689274,262.5652184743575
0.657440592279088,259.7411257091793,258.6963303856699,262.78312182548643
0.6613104841531001,258.73947702888967,258.1146294237979,263.0010299619161
0.6651893317528327,258.18184650998154,257.5031568673084,263.21894232348563
0.669076806747356,257.6830911694697,256.97015793183346,263.4368583506543
0.672971037423096,257.18346908844114,256.61035338361575,263.65477748346365
0.6768709839617568,256.68569056693855,256.217490256659,263.8726991624712
0.6807774049581764,256.1873880429879,255.76050577973749,264.09062282882263
0.6846904594411938,255.68823935240096,255.34949843414898,264.30854792452834
0.6886093671939649,255.65003,254.99702671329513,264.5264738927738
0.6925336163987073,255.65003,254.654832097054,264.7444001780828
0.6964630618696698,255.65003,254.3230541213608,264.9623262263454
0.7003967057184224,255.16851222497553,254.11147204608918,265.18025148541005
0.7043329719192754,254.66929467073058,253.98427739860665,265.39817540522995
0.7082694541802451,254.17759,254.08357196532714,265.61609743773187
0.7122035584950492,254.17759,254.29144159407954,265.8340170370634
0.7161339095994681,254.17759,254.56910097114962,266.05193366012816
0.7200596388138261,254.20798222868473,254.89059102989864,266.2698467658455
0.7239789496090762,254.70504941105838,255.40372519229606,266.48775581568805
0.7278898703086888,255.20105251828815,255.98546977765054,266.7056602734668
0.731790807370946,255.69605453851418,256.7128881032247,266.92355960534974
0.735679993318251,256.192158561975,257.5348585556954,267.1414532793477
0.7395542884454828,256.68636311447943,258.69066381703965,267.35934076581026
0.7434110286839344,257.2264802850368,259.88473413821214,267.577221536658
0.7472501369863143,258.21443396859434,261.07227857642124,267.7950950655232
0.7510714879934977,259.19781800112423,262.3057373715735,268.01296082678886
0.7548737379651156,260.2063320309895,263.7023140689628,268.23081829573294
0.7586559979119731,261.6875705776192,265.08569004068914,268.4486669484553
0.762419027678699,263.16127804905324,266.4042084623376,268.6665062605848
0.7661635863088041,264.627751707913,267.7073124121314,268.88433570784514
0.7698901081518399,266.11200960720174,268.98923589617937,269.1021547645513
0.7735988628579904,267.58984773247505,270.27841282448594,269.3199629045678
0.7772897049831258,269.0605481802141,271.60659538517837,269.5377595999416
0.7809628116317726,270.12532603376826,272.89466292856287,269.75554432085505
0.784619538366778,271.1108532592951,274.04498881816784,269.973316535305
0.7882614804360005,272.09239585821314,275.1146490797505,270.1910757085197
0.7918911400012213,273.07817935719777,275.90234056980967,270.4088213028738
0.7955110458916327,274.06511972820465,276.5990893571133,270.62655277745625
0.7991239247380635,275.05014422802515,276.9763317411934,270.84426958795416
0.8027324828163391,275.8120319976008,277.26181192824015,271.06197118630587
0.8063394265085668,276.3080100559519,277.2242515738938,271.2796570209392
0.8099474734592353,276.8041398194657,277.0922916111783,271.49732653637085
0.8135591790425185,277.18263,276.6630341416528,271.71497917361324
0.8171771432777967,277.18263,276.13453321818673,271.93261437039337
0.8208037792406423,277.18263,275.3418632286987,272.1502315606128
0.8244415354915491,277.1465601585013,274.44903435950124,272.36783017576676
0.8280916345492295,276.1456250274998,273.4830039468585,272.5854096443583
0.8317549119883126,275.14107610281565,272.4780404483655,272.80296939272625
0.8354328955864738,274.1324944351755,271.30072356379424,273.020508845242
0.8391275330153565,273.1294464832662,270.0273782670654,273.2380274249194
0.842840290022367,272.1230207111204,268.6593429990583,273.4555245540649
0.8465724232258667,271.11134258783056,267.2310175617949,273.6729996542737
0.8503250492421114,269.7315667461678,265.7333080462028,273.8904521474085
0.8540992453948968,268.21893979589726,264.18537781328234,274.10788145614697
0.8578973811401409,266.696718306481,262.39483385884563,274.32528700427076
0.8617226019649754,265.1814239858666,260.4579731440595,274.54266821783006
0.8655752719228745,263.66387354964206,258.6687056137709,274.76002452570265
0.8694539659352118,262.1360723482088,256.97434034460355,274.97735535978427
0.8733543159587157,260.61736324904695,255.8028276501272,275.1946601564535
0.8772707413625085,259.10120061966495,254.86863593880355,275.41193835692786
0.8811995217061399,257.58025503231994,254.19609048871536,275.6291894076554
0.8851377003879662,256.42439465091957,253.65346253902007,275.8464127612483
0.8890811627909405,255.42123691658986,253.51509759519135,276.06360787608065
0.8930258693516855,254.41776268716956,253.49346510590038,276.2807742173045
0.8969698150270605,254.17759,253.61293940222487,276.4979112565432
0.9009112132989909,254.17759,253.8212753470767,276.7150184726041
0.9048473695745594,254.17759,254.28906254142015,276.9320953505798
0.9087752777030369,254.17759,254.88852173435023,277.1491413830249
0.9126916884680923,254.17759,255.78471442881082,277.3661560692328
0.9165941007927623,254.17759,256.720500676924,277.5831389152845
0.9204819426566311,255.0150108752387,257.70560103315484,277.8000894339947
0.9243530269953553,255.99975671475903,258.948493643237,278.01700714478756
0.9282024467761055,256.9789914154193,260.6156762962192,278.2338915731038
0.9320281819558578,258.38072349468905,262.1642484220311,278.45074225044635
0.9358325930938036,259.8535221310609,263.54491454753116,278.6675587141489
0.9396175159027194,261.3187762662261,264.8707738124443,278.884340506499
0.9433839979851786,262.7970152546046,266.13169314305134,279.1010871744642
0.9471317505319173,264.273239165377,267.5251079704311,279.3177982697643
0.9508589208993772,265.7413558425985,269.07949682027265,279.534473348495
0.954563409616233,267.2180508167963,270.81162971874767,279.7511119698383
0.9582427584165536,268.6926647291398,272.7698746983469,279.96771369727037
0.9618960136433072,270.1568208271545,274.69384663862854,280.1842780966728
0.9655240607767509,271.8845894323084,276.5733156106831,280.40080473655416
0.9691279015737972,273.84974115912917,278.39614321572446,280.6172931872155
0.9727088190746173,275.80239295665217,280.1252886067719,280.8337430203521
0.976268274704063,277.61174825326566,281.76315784859946,281.0501538084697
0.9798084388996546,279.0891249405297,283.1859730679796,281.2665251245123
0.9833318029408566,280.5594906093588,284.4561982941901,281.4828565411555
0.9868428001090316,282.02469535092723,285.1834693673151,281.69914763078657
0.9903455909088551,283.01435386807213,285.7904695988463,281.915397964686
0.9938435520893683,284.0016767611421,285.9712214742628,282.1316071134447
0.997339909069033,284.9885468578141,286.05276013570034,282.34777464644185
1.0008368810087114,285.3047,285.87067454535503,282.5639001318335
1.0043366347994866,285.3047,285.59822702479096,282.7799831366912
1.0078413691944053,285.3047,285.0589357791328,282.99602322741265
1.0113535993201364,285.12302481388224,284.3806413949952,283.21201996943
1.0148751518069024,284.6245992589444,283.55190147788437,283.42797292771934
1.0184078074307952,284.1246022132209,282.596037663298,283.6438816671747
1.0219530965733294,283.6230395961578,281.5348404774529,283.85974575271626
1.0255126711794125,283.12213294635757,280.3326234302283,284.0755647498844
1.0290884561459857,282.61894515954975,278.988356811293,284.29133822525284
1.0326832759718054,282.113078769642,277.37245355316657,284.50706574695585
1.0362994125621134,280.7718158895505,275.70900274617696,284.7227468851596
1.0399380384669994,279.25334929067145,273.9546412739888,284.9383812125989
1.043599507416216,277.7253498624388,272.2793540473419,285.15396830569114
1.0472816181048041,275.8839486223101,270.8909189932705,285.36950774456744
1.0509828519817637,273.8656890613895,269.47314192493025,285.58499911430636
1.0547047420852493,271.836165790024,267.89288461561983,285.8004420052475
1.0584493326120121,270.07452190379206,266.21617108902046,286.0158360137098
1.062219588970384,268.5634739491452,264.2589573373987,286.2311807426992
1.0660182802370932,267.0410298171567,262.24585671127335,286.4464758023155
1.0698467778516478,265.2944112773263,260.1605983119589,286.6617208111924
1.0737046827700019,263.2740819642735,258.2624458890186,286.87691539665246
1.077586473539791,261.24124397440175,256.96693238280596,287.0920591960689
1.0814861868466974,259.4427550440913,255.89352779328024,287.3071518572153
1.0853989659215386,257.936729411347,255.25292415631748,287.52219303952984
1.0893190412593714,256.4278954526332,254.94154217947874,287.7371824140009
1.093239715286662,255.65003,255.17493390077354,287.9521196640512
1.097156141509211,255.65003,255.49491447143313,288.1670044857094
1.1010669182041581,255.65003,255.91279078626167,288.3818365876875
1.1049724939341687,255.65003,256.1757374051179,288.5966156918374
1.1088751513968358,255.65003,256.2956051484537,288.811341532702
1.1127747152794911,255.65003,256.5824206140197,289.02601385828785
1.1166690232921916,255.91905672050274,256.9879596850019,289.2406324297142
1.1205562273664658,256.4149079365129,257.5212119865498,289.4551970217146
1.1244347847004055,256.9096561755176,258.1351682104743,289.6697074224777
1.1283017980974486,257.4045054727022,259.0614924627707,289.88416343415315
1.132154065529348,257.89874375267743,260.1154018943034,290.0985648722083
1.1359911114028172,258.39102913686065,261.1208584844837,290.312911565961
1.139813375682711,259.41227974547974,262.1311485662973,290.52720335832214
1.14361868817788,260.8939622363313,263.453190920705,290.74144010548775
1.1474043051007987,262.3679758209924,264.8660617444335,290.95562167718595
1.1511697994110583,263.846266362368,266.2764490217075,291.1697479563206
1.1549153094084077,265.3301528993196,267.7000232041936,291.3838188386317
1.1586394934438018,266.8055905714022,269.33534516952665,291.59783423259995
1.1623407227033609,268.28121982544445,271.03099084209293,291.81179405939463
1.1660182332871933,269.763636695182,272.82105854586285,292.0256982520147
1.169671600486081,271.23632128534655,274.62506706477615,292.2395467557253
1.1733018478369652,272.70456070503843,276.3067127125861,292.45333952684797
1.176910437964089,274.184620371278,277.9311225407385,292.66707653322237
1.1804994184420003,275.65663715931703,279.3337281389856,292.8807577530884
1.1840711122515408,277.12156383744656,280.62767564127677,293.0943831753563
1.1876279003229566,278.12800972860896,281.67937107568935,293.30795279920994
1.1911724275222153,279.11129088243536,282.5721905500113,293.5214666334451
1.194707752455317,280.0920192515387,283.1472565956349,293.73492469684265
1.198237891905413,281.0790699615662,283.4027154095327,293.9483270182012
1.2017660918154138,282.06919347343273,283.4585936010225,294.1616736356072
1.2052955891543604,283.05968108453885,283.1944571021403,294.37496459725696
1.2088289303688038,283.4660184264737,282.84223537428176,294.588199961393
1.2123679666534448,282.9680019483722,282.28391515398295,294.8013797968522
1.2159143354933255,282.4689536262764,281.67387674345497,295.01450418289414
1.2194693632737423,281.9690267073785,280.9106667098087,295.22757321004894
1.2230343454589807,281.4702485452412,280.1031168395769,295.4405869805594
1.2266106231568477,280.9698900231648,279.1392324018914,295.65354560884947
1.2301994806221792,280.4677714605131,278.14296985900233,295.866449221898
1.2338015364743387,279.53185180548957,277.0974742622437,296.0792979601117
1.2374172514943016,278.5288225615667,276.045465169045,296.2920919779368
1.241046224227529,277.52211551835967,275.0763896273051,296.5048314441463
1.2446878294254768,276.51960952453186,274.133583759164,296.7175165431
1.2483414807315971,275.51770029112896,273.26540516417543,296.93014747501593
1.25200664154149,274.5126349059382,272.4145707156336,297.14272445679313
1.2556844913416925,273.5097722888882,271.38338199284806,297.35524772258486
1.2593768465229143,272.5088768876322,270.27857152016685,297.5677175246296
1.2630833283369427,271.5041521468036,269.3183921691359,297.78013413384286
1.2668025770153026,270.5000536266489,268.42610400092883,297.9924978406093
1.270533899961611,269.50021334362,267.57815885142134,298.20480895574116
1.274276935668011,268.497234525135,266.7487820265877,298.41706781104216
1.2780322664800627,267.61683722664566,265.82905590792194,298.6292747600064
1.2818009351081059,267.1158414653313,264.86409064531745,298.84143017894235
1.2855827647990994,266.6130961108838,263.98192530817903,299.0535344673201
1.2893768493637723,266.02060182683283,263.1557488009339,299.2655880489771
1.2931795051280939,265.020015756936,262.79271375801926,299.4775913728851
1.296985753984882,264.0184842429883,262.6590380037041,299.68954491369135
1.300791127556075,263.14115,262.9136638641814,299.90144917308703
1.304591620453332,263.14115,263.3342022084096,300.1133046793997
1.308385301551978,263.14115,263.85876105349354,300.3251119892634
1.3121711038408272,263.17283353886233,264.4314659136357,300.53687168725054
1.3159475933458213,263.66910332695136,265.1619043286759,300.74858438665626
1.3197133188925985,264.1639586195794,265.9454022685965,300.96025072972867
1.323468077734912,264.65737277379225,266.7130821378454,301.17187138824596
1.3272119312505386,265.63994166071694,267.49700338545614,301.3834470638803
1.3309423660093893,266.62720988761055,268.63595573179555,301.5949784880181
1.3346561581452379,267.6100736056561,269.90011399210584,301.806466423247
1.3383517001052099,268.59943284718173,271.29609721976624,302.01791166233903
1.3420279678504206,269.5853698260912,272.7377389364826,302.2293150296256
1.345684464658442,270.5660044441736,274.2380007841162,302.44067738009886
1.3493208783832393,271.89923921913874,275.7586276633378,302.65199960065087
1.352937028846313,273.3725902444297,277.3201123215262,302.86328260922056
1.3565327634747257,274.8376231172441,278.8989419233958,303.0745273557028
1.3601073544091704,276.3076553591103,280.6108762428837,303.2857348214867
1.3636596681273194,277.78283325139637,282.4081981876216,303.49690602015704
1.3671892552436797,279.24857341290044,284.2362134383816,303.7080419971254
1.3706960231412344,280.8128445430661,286.09558952447054,303.9191438296926
1.3741802363178315,282.7780727070074,287.92794987515816,304.1302126274767
1.3776425679686013,284.73095886182176,289.72304256021687,304.34124953183647
1.3810825467471863,286.6712371503158,291.68249669264065,304.55225571662737
1.3844964675499862,288.2142366132179,294.1646917364679,304.76323238733386
1.3878801036410775,289.6773441944271,296.9283417756735,304.9741807822801
1.3912230235984229,291.1228458386036,301.3841988848983,305.1851021708405
1.3945158496802499,293.34800200777363,306.0323711011954,305.3959978545131
1.397767052368322,296.71880250901404,309.14030227224407,305.6068691649918
1.4009893877775985,300.05967382798895,311.5368038423341,305.8177174632909
1.4041835605634483,303.3713465413182,314.6185678301898,306.0285441396644
1.4073414831016282,306.75844566011733,318.73595666620395,306.23935061251575
1.4104598012051763,310.13068087986267,322.65942824963236,306.4501383282461
1.4135448825855874,313.4669729903326,325.6353482781674,306.66090875998526
1.416602720669804,316.78202942783946,328.4334902551243,306.8716634072362
1.4196393027077865,320.19548474617636,330.20654275247443,307.0824037942384
1.4226633274368863,323.5948242552731,331.1650994745509,307.2931314706865
1.4256783371158326,326.98402984718723,332.1842538901197,307.50384801029793
1.428682846337584,329.84311691630325,333.4844067899408,307.71455501217235
1.4316755383573965,330.8312444833863,334.81286190746357,307.9252540999554
1.4346572820835841,331.8157571409927,335.93747951230586,308.1359469225903
1.4376297387039259,332.79720338038965,336.90805434436777,308.3466351539849
1.440594219703423,333.77943777094623,337.7473391344861,308.55732049341407
1.4435541436983619,334.76724930510215,337.94574482986764,308.7680046653992
1.446512712275195,335.75460849735987,338.0568564595053,308.97868942055123
1.4494710974639087,336.7419064877421,337.9876385562684,309.18937653575625
1.4524308366251277,337.33224,337.747668943578,309.4000678146898
1.4553927569961178,337.33224,337.4900284494597,309.6107650887823
1.4583574404302535,337.33224,337.11845882368044,309.8214702181665
1.4613254854872357,337.33224,336.7259876271493,310.03218509231056
1.4642974683687615,337.0914776793981,336.225770431896,310.24291163102953
1.4672744512583362,336.5928612754045,335.59594704091904,310.4536517854759
1.470257086731914,336.0932981171925,334.9525859014281,310.664407539521
1.4732458888701188,335.59270210113243,334.21263582409745,310.875180910412
1.476241414794913,335.09320895358576,333.4506244503417,311.0859739506867
1.4792437287747096,334.59410655128175,332.7030597328927,311.29678874880074
1.482252708073772,334.09389611135066,331.9749593243594,311.50762743107776
1.4852685182693133,333.59255010836216,331.19766027816615,311.71849216285057
1.4882931149233882,332.72692333302416,330.0495268148972,311.9293851499044
1.4913286297102033,331.72465653734895,328.8195974789685,312.140308640615
1.4943753831298732,330.71867896794004,327.6190485663976,312.35126492681235
1.497433160882319,329.70906138243436,326.4528037703404,312.56225634657625
1.5005015423608175,328.7082276822469,325.35846921837464,312.7732852856087
1.5035782479937918,327.7057564948972,324.68816026510746,312.984354179607
1.5066609917616538,326.7013179252326,324.0851010524519,313.1954655159008
1.5097478991043647,325.76899648895244,323.81265926259215,313.406621836013
1.5128362470902985,325.2693470451005,323.7827585378067,313.61782573704664
1.5159248979959723,324.76964859327404,323.74914664282187,313.8290798740189
1.5190139297978074,324.2698885180308,323.7029155240599,314.04038696123325
1.5221033993518696,323.96475,323.6574079507801,314.2517497747581
1.5251930793113408,323.96475,323.6588274666678,314.4631711538773
1.5282826462400418,323.96475,323.6810905607199,314.6746540037863
1.5313715849702147,323.96475,323.79049492812015,314.8862012968927
1.5344586193448604,323.96475,324.08061965951333,315.09781607558443
1.5375427079523294,323.96475,324.40934560017126,315.3095014543955
1.5406219677416684,323.96475,325.0981289302147,315.52126062196044
1.5436942547008423,323.96475,325.88367677060006,315.73309684336664
1.546758308497457,324.3908549862532,326.8478012602641,315.9450134625973
1.5498122446113438,324.88408669402367,328.0469414168677,316.15701390399266
1.5528549159617615,325.37549906493956,329.2724736485625,316.36910167544295
1.5558853804325925,325.91284191773093,330.6954345323783,316.58128036957726
1.5589026882705805,327.3943426673104,332.1503016121707,316.79355366631125
1.5619064793866677,328.86920669478434,333.6784654386155,317.00592533488225
1.5648962014488088,330.3371628046423,335.28389203280005,317.218399236216
1.5678714571130739,331.80212028553984,336.931284591985,317.43097932488536
1.570830794492151,333.27801212711523,338.90142384953435,317.6436696513918
1.5737727643071495,334.74524235196765,340.9212052397468,317.85647436434044
1.5766975588842889,336.20390687775085,342.893189239922,318.0693977128408
1.5796058272320175,337.7708440246272,344.8065837845362,318.2824440481535
1.582497985976563,339.73501091374396,346.7237048104422,318.4956178266208
1.5853735079571065,341.6878791903423,348.8084391207736,318.7089236111264
1.5882317302579385,343.6289986450115,350.9336516146611,318.92236607446785
1.5910730701519884,345.5669403682158,352.9654730072313,319.13595000061383
1.5938990126915624,347.5326927964744,354.7675893565485,319.34968028771226
1.596710721473419,349.48854408788964,356.5480860210452,319.5635619503866
1.599508894498384,351.4349797784547,358.2078518408557,319.7776001218943
1.602294507234911,353.35223809491936,359.7704396166979,319.9918000571817
1.6050682429849663,354.82631155355864,361.2819492303801,320.2061671356404
1.6078323018614795,356.2952423368546,362.29305211806945,320.42070686318675
1.610589189574375,357.7603620786854,363.1637270929217,320.6354248760195
1.6133397898936903,359.2221404495871,363.9511253764236,320.85032694277515
1.616085534866852,360.28793899135997,364.44898238200904,321.0654189686791
1.618827629139193,361.2752678561063,364.9208490149118,321.2807069978919
1.6215678469213288,362.2619210646717,364.9481474700425,321.4961972175184
1.624310228695676,363.249353448481,364.3454121637178,321.7118959608076
1.6270571995169716,363.63814,363.7298241070378,321.9278097107558
1.6298099872855873,363.63814,362.80755939449574,322.14394510420055
1.6325704079091632,363.63814,361.7213324126639,322.3603089356251
1.6353390901926397,363.63814,360.6455666422742,322.5769081608282
1.6381156794657237,363.240024857615,359.6639633200095,322.79374990180327
1.6408997936131113,362.2375661572736,358.6986846530085,323.01084145001875
1.6436914628652264,361.23238713726687,357.71989953409616,323.2281902699451
1.6464908912672631,360.22441432830794,356.713079201329,323.44580400260696
1.6492982510376493,359.21685350802795,355.7015010396611,323.66369046915503
1.6521141185908652,358.21633117776196,354.5610091715572,323.8818576729836
1.654939432376315,357.21245245160435,353.3271152763174,324.10031380261785
1.6577748670256491,356.20497762224704,352.03448323420105,324.3190672340559
1.6606224782073014,355.19454060288047,350.3128143083036,324.5381265319405
1.663484524611614,354.1875591828997,348.4926160638284,324.7575004510864
1.6663615224189865,353.17531726642187,346.68121206881625,324.9771979372269
1.6692534811097062,352.1578115179062,344.8962057899021,325.19722812688855
1.6721604210494934,351.023163269582,343.11710538095895,325.4176003475621
1.67508093003123,349.00680817906664,341.69797352217,325.63832411507735
1.6780129184351644,346.9825275551834,340.4353017014844,325.8594091317801
1.6809556891277078,344.9508027074821,339.1985643646451,326.08086528200363
1.6839087994747588,342.99548510767795,338.0554028874192,326.3027026270292
1.6868718952474726,341.4892975473351,336.91626524957735,326.52493139781404
1.6898448862232176,339.9780801017454,335.8087571094483,326.7475619868952
1.6928276191940639,338.4619106488768,334.7190112668085,326.9706049371615
1.695820188043675,337.0754273586797,333.60497981147745,327.1940709308689
1.6988231391308033,336.07411890319975,332.40868298032217,327.4179707739545
1.7018369777981075,335.0691800768702,331.19904991415154,327.64231538005515
1.7048623296965344,334.0604022617131,329.8836885745505,327.86711575144
1.7079000821155623,333.0515012750004,328.5007183123602,328.09238295694274
1.7109502154487481,332.0444077251641,327.2108590611443,328.31812810722676
1.7140108895941473,331.03383380813375,326.2413894330498,328.5443623276699
1.7170804302041094,330.02033236030536,325.3232014485614,328.7710967265065
1.720154791495193,329.0129166683937,325.2184436284032,328.9983423599788
1.7232283813703564,328.0105980959254,325.48656933984415,329.2261101942659
1.7262987396404201,327.0093333718696,325.903478126562,329.454411059734
1.7293636148091245,326.00985672447666,326.6525070215976,329.6832556053226
1.732421384596127,326.25428846264685,327.4198699569041,329.91265424274445
1.7354715218621872,326.74975989988184,328.2894779219956,330.14261709079653
1.7385134498963306,327.2438978102681,329.1895042764416,330.37315390939483
1.7415467400518734,327.74438375170126,330.16197482710004,330.60427403314446
1.7445705534490674,328.7370365216079,331.25631137116164,330.83598629552876
1.7475843257281185,329.7263930088316,332.3656892323127,331.0682989496048
1.7505873009971515,330.71220507036054,333.6429109697217,331.30121958285645
1.7535786234988469,331.6957439872752,334.96027818059605,331.53475502426727
1.7565577283547862,332.6833813413576,336.38534693451624,331.7689112478058
1.7595234723422137,333.6665892800742,337.98549183994163,332.0036932683563
1.7624751333410682,334.64512840508866,339.6029565761413,332.23910503169
1.765411588835791,335.73887065084693,341.495546846634,332.47514929998385
1.7683314978597375,337.2145574312681,343.4629514903649,332.7118275295222
1.771234407866002,338.6816531133135,345.50694385388744,332.949139745045
1.7741194189375058,340.13970288975236,347.73848023066523,333.18708440667865
1.7769860092387755,341.8249755957472,349.96160798046543,333.42565827330225
1.779834869445194,344.276525225908,352.0799329856493,333.6648562619283
1.7826668901170941,346.71358381346613,354.1355849655525,333.9046713010267
1.7854829459556445,349.1369040711454,356.0829444183132,334.1450941832991
1.7882858404523798,351.4343397737847,357.4678281965896,334.3739988392302
1.7910782584397995,352.9123377274433,358.759654711245,334.60292549392716
1.7938610866724227,354.3852599230926,359.9355671919693,334.8318662741644
1.7966356535416526,355.8538094645601,360.89895100465316,335.0608133600283
1.7994028582674382,357.31846229966266,361.85331542179597,335.2897589886421
1.8021633009980045,358.3285505009813,362.6690639827145,335.51869545825735
1.8049178769676668,359.3129653102289,363.3962281302626,335.74761513237104
1.8076671938192623,360.29550064555184,364.05781306127705,335.97651044569466
1.8104137912810132,361.2770641406841,364.11587841312485,336.20537391270284
1.8131605102965902,361.90493558320503,364.02559488850005,336.4341981338147
1.8159086751201705,362.40112148031767,363.73291010563975,336.6629758016808
1.81866155194433,362.8981581372591,362.78104634702026,336.89169970940475
1.8214218649835254,363.3965374156462,361.7758502624998,337.12036275479693
1.8241900164129392,363.3803924634028,360.7294915824611,337.3489579449531
1.826966402782024,362.8799739082039,359.63301127290066,337.5774784011052
1.8297512847781925,362.3780240929909,358.5319608246254,337.8059173593872
1.8325448407581058,361.87451087058724,357.40320776101885,338.034268172429
1.8353472867697511,361.0258154716837,356.26089699694404,338.2625243086273
1.8381589622723493,359.52033048625765,355.060765604573,338.4906793491406
1.8409811538232908,358.0092147824673,353.61131793258755,338.71872698487186
1.843815082260242,356.4918146743611,352.12593137149315,338.9466610119094
1.846661701957098,355.0931930408277,350.46569685004005,339.17447532572396
1.849522797007326,354.088278955432,348.5724808209227,339.40216391358297
1.8523994856850905,353.0778878566275,346.67650082694064,339.6297208481328
1.8552914448843434,352.06213323026964,344.9007477814867,339.8571402787692
1.8581981852483889,350.837939871501,343.1596072941717,340.0844164241983
1.8611189664899679,348.8196599076009,341.5922836191866,340.3115435664895
1.8640511337908736,346.79351209824927,340.4987892795287,340.53851604359363
1.8669926337972114,344.760915325136,339.4281034992444,340.7653282424164
1.8699432862433503,342.8559592239254,338.3896777026829,340.99197459285983
1.872902938617416,341.3515219965475,337.3669074333861,341.21844956319575
1.8758718022027754,339.8424025675365,336.29323988998937,341.4447476558487
1.8788509305152403,338.3280654184574,335.04639004755313,341.67086339841245
1.8818412511873408,336.98837807762834,333.78059638069993,341.8967913409816
1.8848427295038528,335.9875607049628,332.5599533566674,342.12252604951664
1.8878551246852577,334.98310319670804,331.3657106595202,342.34806210312627
1.8908783087952945,333.97504821212056,330.19052883719354,342.5733940843911
1.8939119074297683,332.96835354933773,329.09429113932543,342.79851657858603
1.8969555832803469,331.963392132222,328.0077023172748,343.0234241635719
1.900008181892915,330.9554845960141,327.1728507699588,343.2481114064657
1.9030679538907957,329.945208550207,326.4713765758145,343.47257285634447
1.9061335492031395,328.94216863700456,325.93090384139333,343.69680303960035
1.9092021807968078,327.9423281828921,325.8254218487528,343.9207964546624
1.912271608255094,326.94222841526584,325.7619006039381,344.14454756675497
1.9153401017015514,325.9424329731287,326.02385613713176,344.3680508032945
1.9184055652782175,325.84146,326.4062370534439,344.5913005460584
1.9214668103791364,325.84146,326.9231063493471,344.8142911267637
1.9245220628498454,325.84146,327.68817408173527,345.0370168213122
1.9275701108394523,325.94576048616614,328.47040649696453,345.2594718477941
1.930610269413734,326.93632368565727,329.3913037433323,345.4816503603921
1.9336417810304147,327.9240694801423,330.346955378172,345.70354645539953
1.9366644246654254,328.9089258541968,331.3269396092236,345.9251541624817
1.9396779771067212,329.89433802040355,332.3431734292612,346.1464674483877
1.9426822388188083,330.8862856704767,333.3794024859907,346.36748021560635
1.945676297022126,331.874864324265,334.6125603064431,346.5881863051918
1.9486591540935763,332.85974458640214,335.88796607404845,346.8085794976172
1.9516305635472304,333.84463002706224,337.1958288133677,347.02865351697034
1.9545902536203046,334.8315134659808,338.5533279742899,347.24840203365534
1.9575379587785269,335.81440063715087,339.94343063170027,347.4678186722987
1.9604718480384307,336.79268101473525,341.75034666266316,347.6868970125347
1.963389805282259,337.99295119436465,343.6660099932223,347.90563060035186
1.9662910822476083,339.4677152956667,345.691569996974,348.12401294793153
1.9691743988393977,340.9333498603928,347.96150423689824,348.3420375448741
1.9720389875412416,342.38946474805437,350.2263524160047,348.5596978614078
1.9748849749679311,344.26297757256634,352.52495935395046,348.77698735667684
1.9777124252447278,346.71019905194225,354.8336533630218,348.9938994871865
1.9805217448356163,349.14172801698646,357.08965014451996,349.2104277140354
1.9833142188699706,351.55867677592755,359.12692261423587,349.42656551073526
1.9860910577980606,353.8420801333889,361.12203603155444,349.6423063722864
1.9888533673802482,355.80848021679776,362.91420766452546,349.8576438200647
1.9916034576384876,357.76618175324234,364.33743569451826,350.0725714098831
1.994342890360787,359.7162965297896,365.7434314947104,350.28708273695565
1.9970734682888258,361.60283800676217,366.7035042724379,350.50117144486615
1.9997980569831406,362.587847161978,367.3528210241957,350.7148312282414
2.0025180532677886,363.5711960425345,367.9427743307546,350.92805584003395
2.0052363758519567,364.55393983715663,367.80510256756384,351.1408391007665
2.00795652371157,365.5373435159765,367.4492188097964,351.3531749010558
2.010679774377672,365.74467,366.96751531750806,351.5650572096383
2.013408645268045,365.74467,365.9377881459096,351.7764800796329
2.0161454566937156,365.74467,364.8412798017493,351.9874376551545
2.0188905415994274,365.74467,363.7353133630807,352.19792417635057
2.021644040559514,365.46996096814524,362.614972999105,352.4079339889816
2.024406066555348,364.96881621181416,361.4929120844461,352.6174615497551
2.027176076487555,364.46622284209053,360.5274506517594,352.82650143523813
2.029953131752559,363.96235116014486,359.66091600237417,353.0350483484664
2.0327369933478727,363.2797766612914,358.76671765938056,353.24309712316534
2.0355286419090612,362.2763351628871,357.65755637165216,353.45064272871224
2.03832916224452,361.2697047579022,356.49732886369884,353.65768026895853
2.041139964484476,360.2593785834001,355.04626153271766,353.8642049885858
2.0439651725858967,359.1395102131901,352.8728650063172,354.0702122703477
2.046808040931737,357.6273956410869,350.64898042257084,354.2756976392079
2.0496705577678553,356.10483008608367,348.0465597063901,354.4806567578848
2.0525556949600055,354.5702328202094,345.1732861805019,354.685085429242
2.0554643925439766,352.85742441896446,342.43061993200547,354.8889795925872
2.058392630252139,350.3185994121593,340.579059345799,355.09233531942203
2.0613362234863915,347.7664609391959,338.8669578848599,355.29514881387524
2.064293004357725,345.20288859161633,337.5469205679373,355.49741640428283
2.067259273202722,342.7632862289611,336.70185668211155,355.6991345394283
2.0702331756842716,340.7552360636953,335.8163176967332,355.9002997833147
2.0732163773643872,338.74090685688975,334.60651227423017,356.1009088099385
2.0762107245442403,336.7190519417836,333.32118154052483,356.30095839603223
2.0792167181811347,335.0456556183459,332.01877100759606,356.50044541763896
2.082234625100986,334.0451545452647,330.6948365151962,356.6993668450634
2.0852644765681343,333.0406935977718,329.40604485549414,356.8977197369318
2.08830476738186,332.03277178228984,328.42721865981434,357.095501239035
2.0913538361575235,331.0274184321331,327.51203377498587,357.29270857976564
2.09441008909714,330.02498063009614,326.8846662731448,357.4893390659179
2.097470728827303,329.0211039796525,326.5736396441781,357.68539008439734
2.1005338567948533,328.0164111980615,326.35377571980473,357.88085909552626
2.1035967403808438,327.37320832689034,326.6257747197158,358.0757436346829
2.1066567259148314,326.87528009462784,326.9722700659368,358.27004130743256
2.109712217974251,326.37808305139345,327.58736458796295,358.4637497887448
2.1127610535070755,325.88196917423403,328.40180285863477,358.6568668222892
2.1158020719778907,326.751973670585,329.2737537778608,358.84939021530863
2.1188339998888392,327.7407059930348,330.3743732581014,359.0413178403453
2.1218557479969555,328.7261186125128,331.49606487118933,359.23264763102713
2.12486682393601,329.7089161006086,332.72059322294075,359.4233775829127
2.127866570902836,330.6976683260966,334.00478127156344,359.6135057488402
2.130854564534853,331.68254651284803,335.3433650085163,359.803030241119
2.1338297325289823,332.6631972170336,336.89114628122735,359.99194922390143
2.136791191083411,333.73461068996653,338.4553739308415,360.1802609136712
2.1397372099757104,335.2149166122176,340.4326573244887,360.3679635759467
2.1426650216525425,336.6860738324849,342.6787732448909,360.55505551927735
2.1455736109116748,338.1475722352766,344.9472851276912,360.74153509556515
2.148462417862978,339.7115353610209,347.3886526024107,360.92740069550536
2.151330956271085,341.67094969509276,349.8391410760735,361.1126507462693
2.1541790150167324,343.6163749732509,352.4029249964291,361.2972837054751
2.157005833985009,345.54729198332575,355.11653174055743,361.48129805944717
2.1598111908433717,347.5974346957853,357.81546376913724,361.6646923177538
2.1625951639052365,350.5310451118023,360.59303093180347,361.8474650105087
2.165357712587056,353.442079596565,363.3868930678852,362.0296146831654
2.1680993305890213,356.3310583864384,366.11957463547634,362.2111398982222
2.1708213457222714,359.1993806618377,368.6388356750435,362.3920392271354
2.1735249765850684,361.68864526012567,371.1154125105919,362.5723112518146
2.1762116057109147,364.12605424506296,373.31838197687534,362.7519545596608
2.17888446080413,366.55096691982067,374.9487049463967,362.93096774383014
2.1815458125487392,368.9654433326548,376.55252495553714,363.1093493980558
2.1841980213335113,370.8407679303566,377.5372064618986,363.28709811771404
2.1868457336381044,372.3169565580811,377.83198569437025,363.4642124965938
2.1894913949598616,373.7920016939188,378.1227842928638,363.6406911248216
2.192135757074671,375.26632247820294,378.2032920265354,363.81653259030327
2.1947799984231224,376.5557296004405,378.15732103150464,363.9917354764084
2.1974245105548786,377.0524742126004,378.1258434312992,364.16629836590397
2.200068448568306,377.54911098249204,378.32159360117805,364.3402198476698
2.2027107468183247,378.0454397395641,378.5953295967968,364.51349852124366
2.2053515453223627,378.54148678466106,378.75139029315113,364.68613300469985
2.207994130117549,378.64263,378.083947249332,364.85812194000766
2.2106419474227037,378.64263,377.2560826728233,365.029464003394
2.2132961027862317,378.64263,376.2805713410188,365.20015791225455
2.2159590761993613,378.64263,374.7626646052371,365.37020243218564
2.2186330611375347,378.0134013832478,373.18801974121885,365.5395963859288
2.221318590885506,376.50875296110394,371.54761576382305,365.7083386620894
2.224016443432572,374.99720032193227,369.7869259437299,365.8764282292
2.226727212903729,373.47841058942095,368.0152199461036,366.04386414413074
2.229450807548379,371.95546197882595,366.31239319953517,366.21064556665993
2.2321868821962356,370.4475286864158,364.66552559382563,366.37677177323974
2.234935388266746,368.93274406189516,363.00628860856887,366.54224217306904
2.237696790130369,367.41085217669274,361.26769370650777,366.707056318355
2.240471637715679,365.88154994857905,359.49696442295317,366.87121392529326
2.243260462548968,363.9167579622474,357.65570857543474,367.03471487624324
2.2460646874625874,361.89906379145395,355.56000343618547,367.19755924035877
2.2488856406470177,359.869333305621,353.4266326673934,367.3597472791229
2.2517241989710257,357.8269355806772,351.16365674825107,367.52127946056487
2.2545817577234297,355.8092347693662,348.7428368169737,367.6821564741675
2.25745912316952,353.78794249650446,346.3457169945733,367.84237923924616
2.2603542420884017,351.7541787604089,344.47724640562103,368.0019489181781
2.2632644265068125,349.709831809093,342.7686714122281,368.16086692364854
2.2661878939182163,347.69073712391173,341.35339258059093,368.3191349294791
2.2691203656894707,345.6760507167801,340.6658010641435,368.4767548777673
2.2720585619039273,343.65743146431964,340.02453717334606,368.63372897934306
2.2750001337600487,341.63649305590184,339.8840909898351,368.79005972262286
2.277941856952381,340.8482751392935,339.9895467923083,368.9457498725044
2.280882463679024,340.3500273545508,340.1422378089031,369.100802466653
2.283821041075835,339.85212341350683,340.4593472790335,369.25522081706015
2.2867568162229928,339.3546942774306,340.7918985845517,369.4090085002133
2.289688765657535,339.71410917701513,341.3485600184438,369.56216935220834
2.292615267000453,340.20911353109983,342.0620883331327,369.7147074604303
2.295535414799157,340.70304321215997,342.8356254296596,369.86662715453616
2.2984475983099717,341.1956257702496,343.9360451630982,370.0179329931192
2.3013502900400797,342.1296782129564,345.0814990418549,370.16862975496656
2.3042418880813154,343.1172423794684,346.5808168773806,370.31872242060206
2.307119227878908,344.09993694436275,348.51102603854895,370.46821616319716
2.309980609293964,345.07718126115094,350.4574859462335,370.6171163273609
2.31282485631345,346.48360595721454,352.72362244826854,370.7654284180894
2.3156505460567836,347.95352245387824,355.07598509588655,370.91315807802397
2.318457225872327,349.4135500352694,357.5181196149961,371.0603110722878
2.3212436115625374,350.8630206651468,360.26813819217006,371.2068932722556
2.324008800522164,353.40517279482947,363.0202102086197,371.3529106361783
2.3267510725280043,356.33093610193873,366.3169454897434,371.49836919526115
2.329466618879339,359.22818548368105,370.20360596996034,371.64327504213725
2.3321540227311583,362.09540929090826,374.02872545193014,371.787634316233
2.3348166452922907,365.2091505096146,377.1231545119279,371.93145319244275
2.337458748325011,368.6208035675686,379.8594873371117,372.0747378671544
2.3400821273388432,372.0082789702583,382.5253776252995,372.21749454942335
2.342689288069874,375.374812284987,384.5982520800953,372.35972944339386
2.345283011874667,378.7028472084737,386.4985559446796,372.50144874166773
2.347863362493066,381.168755609782,388.5955825954834,372.6426586130003
2.3504252499244287,383.61701969263845,392.0945251873394,372.7833651988531
2.352963621472056,386.04281085462367,395.82990333550543,372.9235746067454
2.3554788696857822,388.4465042354293,399.3357055950066,373.0632929091806
2.3579756690975957,390.865620238937,401.69675471725304,373.2025261402136
2.3604584210183397,393.3098873646063,403.8668205350824,373.34128030305385
2.362928378810813,395.74155868202206,405.8685638845329,373.47956137105535
2.3653891498735176,398.1641856719002,406.8860905672854,373.6173752937609
2.3678442885252347,400.58126755801686,407.732733074093,373.75472800684986
2.3702942174639707,402.6635036827747,408.6184363945862,373.8916254347249
2.372737895092341,404.63709855992624,409.82189350139237,374.02807350438684
2.3751742163882295,406.6047522196552,411.0898535709678,374.164078150959
2.3776032514770367,408.5665212975546,412.2840930101674,374.2996453308899
2.38002761511545,410.5245175576076,412.67484343785384,374.43478102860223
2.3824503511241,411.02783299856577,412.8381596865386,374.56949127601035
2.384872226002239,411.5235044990124,412.9683540044305,374.70378216200805
2.3872953114210196,412.019423753999,412.4259338856108,374.8376598503923
2.38972237046776,412.5161562690556,411.6174398929547,374.97113059809334
2.392154227239736,412.81148216868723,410.80022787877704,375.10420077677685
2.3945918468174363,412.3121585787056,409.67388851441757,375.23687690134864
2.3970366777968772,411.8113578004708,408.3806172526976,375.36916565378374
2.399489280018409,411.30896515591894,407.08185588724933,375.50107390145337
2.401950157961335,410.80487730717937,405.6387876911904,375.6326087245548
2.4044201077930065,409.8352604106856,404.09719296397446,375.7637774286429
2.4068995192459415,408.32779107184297,402.5488224637717,375.89458757106195
2.409389031002865,406.8141808004184,400.82525282580195,376.0250469749953
2.4118896912749332,405.2937922894507,398.96782954266274,376.1551637528138
2.414402050122739,403.76629110494446,397.1011708736361,376.2849463229088
2.4169265654799883,402.254994444942,395.1349758732597,376.41440342693267
2.419463920082708,400.7414078341742,393.0928195804,376.5435441437396
2.422014535925017,399.2199106086807,391.0369248666898,376.6723779037734
2.42457933442324,397.6899531238005,388.7580889792082,376.80091450008285
2.427159689909994,396.0277599615333,386.33647944799475,376.92916410239366
2.429756315775763,394.0020741971957,383.90154899611207,377.057137263985
2.4323693490121023,391.96358867705476,381.5000011411664,377.18484493496453
2.434998862725898,389.9122463687977,379.10445162573575,377.31229846193355
2.437644879643314,387.8480295432371,376.7559116492484,377.4395095974596
2.4403052836240007,385.39583702115806,375.01365289568065,377.56649048844076
2.4429775327350027,382.8546271741052,373.42294541157065,377.6932536751949
2.4456607787724414,380.3029596576562,371.9458453827534,377.8198120910903
2.448352772035622,377.7429738537767,370.9992703957394,377.94617905099335
2.451051416922787,375.70899860531745,370.11448640353524,378.0723682535483
2.453756270109551,374.20225093507247,369.29808060198644,378.19839377450796
2.45646657621834,372.69246569606116,368.62655815756557,378.3242700617822
2.45918181083717,371.1799350137635,367.95864541640503,378.45001192888935
2.461900964365766,369.88604211935535,367.56458012004117,378.5756345519749
2.464622141052365,369.38700126471593,367.411614729591,378.7011534622409
2.467344354779513,368.887770225586,367.2845775095228,378.8265845436498
2.4700657577063283,368.38868788039906,367.6306472012201,378.9519440112459
2.4727839508976053,367.8901941736397,368.15259766188365,379.0772483944796
2.4754980979955725,367.86341,368.72758810500386,379.20251451897036
2.478206917656068,367.86341,369.6024074160286,379.3277594773417
2.4809091710269677,367.86341,370.5217821265327,379.45300061192256
2.4836045888681593,367.86341,371.47943970714744,379.5782554903549
2.4862927102301215,368.5092489677867,372.53608809840745,379.70354187948914
2.488973211224505,369.49696043635254,373.5945902200679,379.82887771895173
2.4916454609394805,370.48163147205935,374.84053223716074,379.9542811005608
2.4943080354014873,371.4627373688842,376.3150637633215,380.0797702347861
2.496960195512301,372.5973190851157,377.79010654001985,380.2053634282511
2.499600523158116,374.076641676578,379.6964388724027,380.331079057242
2.502226722663925,375.5480485547316,381.86650977943043,380.4569355413376
2.504838038454685,377.0111163860429,384.03705113167945,380.5829513234052
2.5074338353904673,378.4654893143568,386.4467782335839,380.7091448451829
2.5100132227231287,380.36640910737015,388.9391590765378,380.8355345230465
2.5125762382373518,382.3185248006837,391.3994184788935,380.9621387308042
2.5151238520539323,384.25890982147325,393.6554053940713,381.08897577463676
2.517657120902002,386.1883690253901,395.8444446810539,381.21606386909025
2.5201766510315076,388.28187359217645,397.95999606335835,381.34342112264426
2.52268471078406,390.7347214660417,399.47203827276417,381.4710655114043
2.525183775553173,393.17877237006496,400.82965062969316,381.5990148595765
2.5276744456050597,395.61461335633066,402.169351759714,381.72728681861537
2.5301572448909404,398.04275684191134,403.37481371060653,381.85589884846894
2.532632746742204,399.84071931422636,404.5438661173155,381.9848681996327
2.535101086740889,401.3242193158669,405.7189857514772,382.1142118930709
2.537561974447607,402.80324040651817,406.99788346463407,382.24394671154863
2.5400150628981812,404.277574056822,408.3029771105113,382.3740891790344
2.5424603781045816,405.74723590026315,409.58951518783874,382.5046555507728
2.544898711883818,406.7608725348697,410.64408986150846,382.63566180008326
2.5473310323532763,407.74875708426487,411.61713182439314,382.7671236072217
2.5497576641673234,408.73433119189974,412.57163503949323,382.89905635231383
2.5521800803425267,409.71819312199375,413.05060674723757,383.03147510549485
2.5546003309896044,410.6185001342063,413.3101669739577,383.164394615743
2.5570190735482017,411.1135305604417,413.5658410188516,383.29782930818976
2.5594373165272453,411.6084587405417,413.4809191364729,383.4317932755242
2.5618567059130224,412.1036215492556,413.174057259667,383.566300278427
2.564277893638425,412.5991524140192,412.86692069208686,383.7013637394101
2.5667014507478423,412.91272,412.366669706718,383.836996760102
2.5691284861163712,412.91272,411.6845149036914,383.9732121200846
2.571559549735917,412.91272,411.0012279000878,384.1100222891681
2.573995060578773,412.91272,410.1825470336324,384.24743942749365
2.576435969315594,412.91272,409.1856376339071,384.38547539322064
2.5788828418818515,412.3110609197695,408.1854923702418,384.5241417566668
2.5813357703396225,411.3090343628396,407.16772754365485,384.6634498130119
2.5837949226646693,410.30446534272573,406.12199275632275,384.8034105938359
2.5862604247595926,409.29730242794426,405.07315794471634,384.94403488023255
2.5887323544645526,408.28751382062205,404.01272811782184,385.0853332099755
2.5912108429229925,407.28608783848017,402.93215779036103,385.2273158863498
2.5936959974604337,406.2834220848599,401.84822828167427,385.369992981418
2.596187993051085,405.27799622531097,400.72298772213,385.51337434475107
2.598687258042476,404.26963743782494,399.51411039281555,385.6574696106676
2.601194116562904,403.2605925136272,398.29901824797867,385.8022882065745
2.6037088309011684,402.2567904606585,397.0219953286653,385.94783936067245
2.606232042611632,401.24959649969924,395.6210632235625,386.0941321095316
2.60876423278222,400.23881859420635,394.2115459864526,386.24117530033743
2.611305343511838,399.22447985664166,392.84821399445326,386.3889775986179
2.6138549985419797,397.89934949916346,391.5737004192939,386.53754748877657
2.6164129730324914,396.38838925002483,390.2970101514227,386.6868932837347
2.618979409531177,394.87243060937544,388.99582519975615,386.8370231235715
2.6215545580860695,393.3513258772907,387.66069299136416,386.9879449785937
2.624138607293884,391.8280365832179,386.320695906568,387.1396666573604
2.6267313154912584,390.32416533617493,385.075488779766,387.29219580655115
2.6293320882656444,388.8156163218848,383.92842788747686,387.4455399148185
2.6319406510757943,387.30254878491223,382.7790047404808,387.5997063165636
2.634556726662837,385.78512354614895,381.72634888202543,387.7547021934628
2.637179810047619,384.6062561409881,380.7364012775719,387.91053457588066
2.639809692309562,383.60475080559,379.7551836093418,388.06721034991364
2.6424455596324528,382.60096625390986,379.0090821165172,388.2247362538884
2.645086293847182,381.59532830437456,378.35660551596374,388.38311888679743
2.6477313899039254,380.713023876084,377.7600730304481,388.5423647021127
2.6503789584683872,380.2128226923282,377.6500301439081,388.7024800138723
2.6530269082716247,379.71254948169866,377.651296777283,388.8634709936787
2.655674592498614,379.21232644599394,377.7257980694648,389.0253436676174
2.6583206409358375,378.7124124576122,378.1184682902892,389.18810392673515
2.66096381548759,378.64263,378.54765583142574,389.35175751722113
2.6636035601512713,378.64263,379.10178555243084,389.51631004841283
2.6662383813369743,378.64263,379.9639875896395,389.68176699696517
2.6688671879661015,378.64263,380.83850750739464,389.8481337087373
2.6714895707880526,379.09720843501566,381.82793056836226,390.01541540227544
2.6741045884964922,380.0881717606319,382.9870024224381,390.1836171714004
2.6767117106758835,381.0761430683747,384.1441148452694,390.35274398658487
2.6793110587613693,382.06116837620107,385.2812574710707,390.52280069722207
2.6819028076967,383.0433254130753,386.4000487862088,390.6937920255943
2.684487065733208,384.0331562883616,387.5180916614071,390.86572257406016
2.687063265084918,385.01990050012046,388.82153302099414,391.03859681866425
2.6896304703875,386.00319978207904,390.238331268935,391.2124191065094
2.6921883348026547,386.98292128711023,391.6665504089707,391.387193656468
2.6947351699959423,388.20251985575123,393.6266896018519,391.5629245574376
2.6972685594608077,389.681770332199,395.8356834662252,391.73961576769517
2.6997879323231997,391.15283649029607,398.0186734862195,391.91727111271007
2.702294606218662,392.61648769970816,399.85559510803097,392.09589428561225
2.704790260562138,394.073704573716,401.5409809033179,392.27548884621734
2.7072754786818543,395.977170233572,403.22086228118025,392.456058222415
2.7097502636282336,397.94155263363746,404.93379699986514,392.637605710427
2.71221457033748,399.89761784047005,406.65715083868,392.82013447611945
2.7146684699047103,401.84542228644705,408.37575409083803,393.0036475540296
2.717111788515306,403.71350591509804,410.1870745111731,393.18814785756206
2.7195442126475404,405.18986176487215,412.0421386769158,393.37363817156
2.721965738363262,406.65960283856384,413.8875517130877,393.56012116517064
2.724377042674879,408.1231400477475,415.54237611522245,393.74759938836496
2.7267791519967766,409.5810963729557,417.0619703399775,393.9360752752867
2.729172540667968,411.0429231058349,418.5760478088584,394.1255511533444
2.7315578119488855,412.51723237065653,419.90510986405457,394.3160292387835
2.7339361379416047,413.98724883120894,421.0239918454424,394.5075116504337
2.7363081608238704,415.4533694103102,422.1396709956995,394.70000040633556
2.7386744235797646,416.91592972029525,423.0760387392705,394.8934974303904
2.7410364521493884,418.16092964299196,423.6541651562968,395.08800455728624
2.7433952901297083,419.1478938892112,424.22131911732026,395.28352353051906
2.745751435339892,420.1337314502275,424.6229877539296,395.4800560082167
2.748107055348521,421.11934926102776,424.41043784838865,395.6776035695038
2.750464016944121,422.10552840685136,424.13974950181074,395.87616770394754
2.7528225996609406,422.5641,423.82723397117127,396.07574982043485
2.755183797517751,422.5641,423.20093339918844,396.2763512467968
2.7575486756916554,422.5641,422.5091586707083,396.47797322312397
2.759917461823627,422.5641,421.8057253344871,396.6806169015353
2.7622907545158677,422.5641,420.90629447746886,396.88428334562025
2.764669337271525,422.25006626006325,419.9316718756933,397.0889735169177
2.7670534579525308,421.7507160817306,418.95317863359685,397.29468827116284
2.76944352358634,421.250120742754,417.8453915884161,397.50142835162643
2.7718401732944686,420.7481463801769,416.65456302034494,397.7091943744336
2.7742436925170093,420.2447332090385,415.46032118168546,397.9179868197671
2.7766543354775077,419.3554128489566,414.1957825979205,398.1278060286999
2.779072558018035,418.3502966668898,412.8601159893564,398.33865218634764
2.7814986294003883,417.34191817219585,411.5201140567498,398.5505253166484
2.783932796750383,416.3301746488703,410.1184722475068,398.7634252739134
2.7863755593548367,415.3148585720678,408.62937173207473,398.9773517308888
2.788827258463307,413.81179166503694,407.13415820619775,399.1923041704265
2.7912881102260974,412.2982214526696,405.59548233122706,399.4082818839687
2.793758542788513,410.77875847864016,403.9825523228103,399.62528394898357
2.796238882803165,409.25320183216286,402.36176690377835,399.8433092331784
2.798729468491924,407.7294317651242,400.66578202049453,400.0623563762659
2.801231069305405,406.2185359787145,398.82651677505703,400.2824237815738
2.8037442722827013,404.7006328151374,396.97503364680443,400.5035096135199
2.806269494680432,403.1754702632552,395.0391472253595,400.7256117827452
2.808807620627724,401.64251433420577,392.949356281548,400.9487279456717
2.8113593290952674,399.77854045936147,390.8448912528029,401.17285549410065
2.813924556663176,397.75583865369344,388.81830042532414,401.3979915505878
2.8165027562427247,395.72290831637565,386.9214730959069,401.62413296591774
2.819093652038939,393.6799669138818,385.0170110079677,401.8512763051241
2.821696675982839,391.6355572486832,383.32387065008857,402.07941785558234
2.8243104218398694,389.6199359506895,381.8642489262941,402.3085536041863
2.8269341890679267,387.59658655287967,380.40130016102097,402.53867924523803
2.8295673818383538,385.5659685356309,379.13502448041265,402.7697901729184
2.832208935123058,383.52890320806137,377.996974427074,403.0018814742725
2.834858355172745,382.27673312197317,376.8868446021119,403.2349479291331
2.8375135737503596,381.26966822900386,376.34719926452925,403.4689840050321
2.8401718471895023,380.26144469552787,376.02099075171583,403.70398385710206
2.842832341302688,379.25237891016104,375.71918880583917,403.93994132598027
2.845494342972567,378.44475287078876,375.5951612689309,404.1768499502964
2.8481570988889073,377.94501179011127,375.50636316320157,404.4147029635831
2.850820060071791,377.4452321853904,375.5372555869456,404.6534933045209
2.8534812849243485,376.9457784519176,375.99666513490234,404.8932136300742
2.85613912728484,376.46181,376.4937392777406,405.1338563226367
2.8587929025449785,376.46181,377.1501533606443,405.37541350179765
2.861440980763706,376.46181,378.1157806740077,405.61787703433663
2.864082285912264,376.46181,379.0868812864783,405.8612385544284
2.8667162910239083,376.46181,380.21476323723834,406.1054894666514
2.8693419163565905,377.0922781276129,381.51074438929925,406.35062096794763
2.871958642198935,378.07902739637575,382.8053738075937,406.5966240526608
2.8745657057178384,379.0621330696058,384.34434630326456,406.8434895445811
2.8771618389243097,380.0411169973993,386.0358626834254,407.0912080899193
2.8797466294517076,381.1093776684563,387.7249156350451,407.3397701946594
2.8823197849364854,382.58476207974513,389.535090457936,407.58916622786285
2.8848808527043373,384.05321568983413,391.3936115789738,407.83938644458635
2.88742975865975,385.5146960141692,393.26120316195164,408.09042100890224
2.8899656911064153,386.9687376459417,395.4091883607012,408.3422600070527
2.8924876012176757,389.0638388139414,397.6468024197873,408.5948934792163
2.8949954607002564,391.5143801105164,399.8521436008202,408.8483114312075
2.8974904280258538,393.95232390579304,401.7661306460313,409.10250387132965
2.899973843147621,396.3789795277289,403.5805608358079,409.3574608139777
2.9024461156438637,398.7947471935454,405.3958255837518,409.6131723152714
2.9049069302670882,400.7801193951127,407.3478562339727,409.8696284836876
2.907355857158466,402.7465612837286,409.34125047434287,410.12681950587466
2.909792907123694,404.7034662257038,411.32789821704694,410.3847356617497
2.912218024169502,406.6507892595041,413.3796690301517,410.6433673390169
2.9146310686411336,408.4904982088974,415.4540100982462,410.9027050617448
2.9170321344555177,409.96729650676184,417.51451009296807,411.16273949718413
2.919422298250521,411.437389414225,419.2518344266163,411.42346147500837
2.9218031700842317,412.9017672127818,420.77936128226463,411.68486199982294
2.924175429893976,414.36084810433204,422.30136280984465,411.9469322651977
2.926539772553602,415.82353297808936,423.6017122092579,412.20966366244664
2.9288975760518885,417.29779987864595,424.6466836796247,412.4730477799468
2.931249592615478,418.7684483749181,425.68874103677734,412.7370764185092
2.9335964774157173,420.2358881267578,426.5055537886281,413.00174157429876
2.9359402455268393,421.7013791022857,426.8213023707083,413.26703545461703
2.9382823322684963,422.970726791885,427.1181380819881,413.53295046606
2.9406231185157985,423.9598097036701,427.2956678131001,413.7994792202036
2.942964410012923,424.9491061052454,426.93387225886454,414.06661452716054
2.945307868331245,425.9393180820134,426.5058869778421,414.3343493927388
2.94765378046774,426.9305669025457,426.04121528662455,414.60267701880366
2.950003309533698,427.2485606054662,425.19404284820337,414.87159079935293
2.952357813307496,426.74925573369035,424.2429085045378,415.14108430604915
2.9547176185176225,426.24882661950915,423.28575287773003,415.4111512911419
2.95708316844344,425.7471792594439,422.18504779443913,415.68178567971495
2.959455102363468,425.24417808570195,421.0103989802185,415.9529815572628
2.9618336729806103,424.47177614517364,419.83237911098615,416.22473315588866
2.9642192025345873,423.46786304922034,418.5578302644418,416.49703486142585
2.9666122557349968,422.4607837434123,417.19680473054257,416.76988118873805
2.9690131414957817,421.45040822610986,415.8313245047778,417.04326678944255
2.9714222097248233,420.43658924401075,414.3677506715558,417.3171864340745
2.9738402139495133,419.0804587693747,412.76377400900617,417.59163501013296
2.9762676545121054,417.5726902039564,411.1524447195794,417.8666075084875
2.9787047850131216,416.05890287755096,409.48815089515847,418.1420990287434
2.9811521424561107,414.53876323839927,407.72362586297646,418.4181047543656
2.983610145725119,413.01201110291186,405.94881340998546,418.6946199523853
2.9860789957726164,411.5019474485207,404.14893832082686,418.971639963689
2.9885590192112534,409.9866787608307,402.2992951102927,419.249160182844
2.991050503798886,408.4644074295659,400.4392600468792,419.5271760593257
2.993553705751293,406.9349769095338,398.54193138217937,419.80568307902774
2.9960691122046574,405.2684978631796,396.5631241144347,420.08467675339796
2.9985971450501583,403.2484841146752,394.5708545286386,420.36415261677223
3.0011382616431352,401.21801585414596,392.4902280754621,420.6441062106351
3.0036935092904793,399.1762562355343,390.21936063587634,420.9245330705511
3.006263738295644,397.1225258275308,387.9281645047973,421.20542872844476
3.008848409322833,395.0926122061196,385.8701742213265,421.48678869577645
3.0114454675241635,393.06658916716606,384.2354057947842,421.7686084693047
3.014053594831605,391.03193087160116,382.60180753676343,422.0508835124616
3.016672219269097,388.98908353071056,381.1606824150543,422.33360925472175
3.0192999917262435,387.0862384490092,379.94217518623924,422.6167810898877
3.0219361992503955,385.5760023469909,378.7253903692989,422.90039436034465
3.0245792043864155,384.0618720148118,377.98970757479645,423.1844443605304
3.027226259563112,382.5454214868257,377.5671252551529,423.46892631793986
3.0298761991342147,381.0273185409153,377.1672781836184,423.7538353972903
3.0325275206827844,379.9629216647468,377.17351507687135,424.0391666826364
3.035178277086321,378.96420067242434,377.32813634816944,424.32491517619917
3.037827830476814,377.9659329372853,377.51610691083687,424.61107578430756
3.0404752152072256,376.9684822845252,377.94668121596027,424.89764332200906
3.0431194183382964,376.7061028879763,378.42516362074116,425.18461249383427
3.045759982553887,377.20253351320423,378.98914089660445,425.4719779010343
3.0483954705028857,377.6980097915607,379.884670660176,425.7597340383097
3.0510246463376838,378.19229938156445,380.8111108935065,426.0478752849103
3.0536468772074996,378.7286053229682,381.8997922082166,426.33639592522366
3.056260358641082,379.71898647583794,383.3657703201362,426.62529013198116
3.0588638324000366,380.7055752113565,384.84146561702073,426.914551983659
3.0614574272232717,381.6884203152499,386.29173381443866,427.20417546958765
3.064041420744398,382.66762699702576,387.70660125283007,427.4941544916162
3.066616019551439,383.9561166493868,389.11601598710155,427.7844828688394
3.0691810324061657,385.43408058813975,390.6100345381143,428.0751543487994
3.0717359569633094,386.90623163593455,392.19515439160045,428.36616260682786
3.074280595566654,388.372455902987,393.77424431085893,428.6575012576575
3.0768143681509836,389.83415757837156,395.5666480504579,428.94916385071394
3.0793361148756855,391.31386251761046,397.53931835358,429.24114388862404
3.081845410664573,392.78626152440097,399.5018813639612,429.53343481185516
3.084342807413066,394.2516784387112,401.33622910568295,429.8260300174293
3.086829132580443,395.7105987952575,403.06751127810065,430.11892286070076
3.089304823093416,397.3850613892464,404.79158847279643,430.41210665224355
3.0917695217223096,399.3544682049628,406.6709997125472,430.7055746686217
3.0942224591818155,401.3144773089748,408.6829221247715,430.9993201452298
3.0966633796959426,403.2648843245788,410.6849881250854,431.29333628504463
3.0990922697656265,405.205678465406,412.7415227655499,431.5876162579442
3.1015089084453917,407.1663166048538,414.8596895886765,431.8821531939589
3.103913270431418,409.13072176624837,416.96715233825375,432.17694019179
3.1063061501066183,411.0857456818976,418.85011476220404,432.4719703219299
3.108689340570896,413.03285334531165,420.3637610445213,432.7672366234973
3.1110639965927187,414.9729882222214,421.8661643889101,433.06273210952844
3.113430628420091,416.5295697033398,423.21886368674313,433.3584497786708
3.11579086878051,418.00409026034686,424.15349153466946,433.65438261391955
3.118145990832732,419.47541324020085,425.0603651003485,433.95052358482843
3.1204963894229767,420.94378531645066,425.8598890196911,434.2468656651923
3.1228439945076554,422.41041219697695,426.07220862109796,434.54340181918604
3.1251906786897194,423.0073957204981,426.1941748344293,434.8401250190786
3.1275367800527434,423.50248176063025,426.2839208215373,435.13702823291254
3.1298836052417385,423.99772054613794,425.93138333798066,435.4341044392828
3.1322327635494194,424.49345167801624,425.4376649100222,435.7313466063891
3.134584661831057,424.9897610128989,424.93953969427747,436.0287477118656
3.1369400724444816,425.01199,424.17000888649034,436.32630073402106
3.1393002276455277,425.01199,423.2329266616251,436.62399865658904
3.1416656201129403,425.01199,422.2937650187098,436.92183447974475
3.1440366396475867,425.01199,421.22657383035994,437.21980121470654
3.146414102759797,424.96405427190643,420.00801200719326,437.5178919094681
3.1487984844338857,423.96235131745175,418.78565474232255,437.8160996302781
3.151190078255428,422.95761846661276,417.4787921297807,438.11441749110713
3.1535896507783585,421.9495336822979,416.0056010622712,438.41283864545744
3.1559977644439914,420.9378606771993,414.5226273793728,438.7113562862833
3.158414666650085,419.8227905282524,412.98578125322473,439.0099636668471
3.1608410251605825,418.31439596134624,411.2981713396221,439.30865409561915
3.1632774094993943,416.7997686366291,409.59391394956003,439.607420944239
3.1657240375225704,415.27877311950647,407.861361311335,439.90625765125066
3.168181356974988,413.75113106036997,406.0377183897676,440.20515774126045
3.170649789432367,412.2279504207288,404.1972603326201,440.5041148270163
3.1731294785006785,410.7115799398596,402.35966131719266,440.8031226293592
3.1756203843791377,409.1883501958614,400.5650931443736,441.10217496937656
3.178122480351779,407.6582775259849,398.7687941799768,441.401265801501
3.1806360222647863,406.1212054760979,396.92541083367485,441.7003892076437
3.1831618588304273,404.19698036441696,394.8966557106211,441.99953940748725
3.1857008093921184,402.16999026710664,392.83577182028756,442.2987107726064
3.1882530644525326,400.1323784241158,390.79030771162365,442.5978978342066
3.190818413614029,398.0843128079687,388.83556274028194,442.8970952829678
3.193396691223481,396.0383414042053,386.8810203484402,443.1962979834429
3.195987458422098,394.0189654587098,385.09521270666517,443.495500970714
3.1985885751154663,391.991522589733,383.80747238597417,443.7946994677155
3.2011983431335755,389.95733643749736,382.54624301935746,444.093888880335
3.2038163417531313,387.91673493517237,381.3978265953934,444.39306481196616
3.206441494936942,386.2995017200017,380.4636219239017,444.6922230679199
3.209073092914865,384.7906078127444,379.53202403831887,444.99135965967304
3.2117100195266968,383.2786585971512,378.92718483949966,445.29047081662065
3.214349906738181,381.7650118461388,378.6810199544116,445.5895529923434
3.216991491923059,380.6429346833145,378.44020172247156,445.8886028756628
3.2196335337602244,380.14334734812917,378.550097983583,446.187617389657
3.2222740728409827,379.6440441712258,378.87113235340615,446.48659371006767
3.2249123107968938,379.1451761171936,379.21075215770185,446.78552926471764
3.227547130767712,378.6469543746771,379.85493832138275,447.0844217422621
3.230177121957623,379.13518966659495,380.60462192141716,447.38326910123953
3.232801792787292,379.6310648154361,381.39651642824253,447.6820695767862
3.2354198912194687,380.1256982510126,382.5183496439302,447.98082168122295
3.238030100409143,380.61884118375866,383.7056027256471,448.27952420804894
3.240632031530029,381.3890490984106,384.95628798715336,448.57817623774986
3.2432245070009795,382.3763092710874,386.5102648793975,448.8767771358903
3.2458064744405446,383.3595678009342,388.09608838645966,449.17532654376015
3.248377495599176,384.33865779482903,389.80870918973727,449.4738243798416
3.2509358609990984,385.36656769939145,391.9462947770431,449.77227082677433
3.2534802418579476,387.34006269103475,394.10548037186106,450.0706663309698
3.256010799869915,389.3028362849768,396.23980156324404,450.3690115804319
3.2585279104261957,391.2551796454277,398.32752588281005,450.66730751009925
3.2610319025184187,393.1973479477597,400.402431362004,450.9655552762546
3.263523376400002,395.1507542025238,402.3399396874987,451.2637562646882
3.2660039219340504,397.1214064948381,403.9374796511943,451.56191207358813
3.268474747831964,399.0843370892567,405.5115246531347,451.8600245007155
3.2709357773086953,401.0394849844288,407.15985814280754,452.1580955272759
3.2733861824098884,402.9861924177262,409.03603000935385,452.45612731596907
3.275825354387838,404.58360637739065,410.9186766332018,452.75412217329506
3.278253327993624,406.0572609874141,412.8178857811499,453.0520825493676
3.2806699079201853,407.52400022246206,414.8027867160448,453.3500110091342
3.2830749528391476,408.98373830350874,416.7872487113624,453.6479102094317
3.2854687287115754,410.4366366551874,418.71731789694053,453.94578287987474
3.2878522601002826,412.37124189902624,420.37707571943537,454.2436317993716
3.290226535963131,414.33360646250276,421.98810462237736,454.54145975990264
3.292591829060922,416.28854667394535,423.5760478402327,454.8392695631068
3.2949488501666093,418.23664999485345,424.9548694788275,455.1370639699114
3.2972984115330792,420.1672892337874,426.2698746834038,455.4348456996571
3.2996407755116026,421.6501954444461,427.57037308241786,455.73261739605636
3.301977553475798,423.1295652553754,428.30961323540294,456.0303816160561
3.304311166728252,424.6069315473219,428.73063563752777,456.32814080429387
3.306642490568893,426.0828484560693,429.1512449918817,456.62589725898647
3.308972437183354,427.50229801848633,429.2375300104469,456.9236531323778
3.3113030644437855,427.99940615889085,428.90068115798056,457.2214103955793
3.3136355274660154,428.4969058557444,428.562135062228,457.5191708213229
3.3159702190853126,428.99488089833955,428.0823189283543,457.81693597127213
3.318308567638481,429.4936359419359,427.22302722205046,458.11470717501976
3.320651686339672,429.86467504132224,426.3411280953995,458.41248551104275
3.322999834926267,428.8667320998384,425.3947801110032,458.71027181043576
3.3253541815178185,427.8661550595873,424.099790875286,459.00806663024315
3.3277158879441755,426.8624501528816,422.7476734257505,459.30587025056667
3.3300852325800125,425.85549907287987,421.36985102937194,459.6036826662074
3.3324630872679983,424.84670780754163,419.72764508923376,459.90150358399677
3.334850501537254,423.84286693846843,418.00232453785134,460.1993324046432
3.3372478302239186,422.8348573344101,416.2632070734608,460.49716824436615
3.3396558166629244,421.822366443836,414.3108437126246,460.79500990613144
3.342075491257561,420.80496101100675,412.2517100610222,461.09285590703576
3.344507312520286,419.4459378268075,410.1823612784766,461.39070445943224
3.3469514303436667,417.4241066743575,408.11402305478015,461.68855349854647
3.3494079757535093,415.3919951331236,406.0426936808478,461.98640066848185
3.3518771120204933,413.3494681417992,403.96249614995554,462.28424335556974
3.3543576392476613,411.29751828307644,402.32105003911806,462.5820786748052
3.35684724407907,409.26876184524644,401.0213958744013,462.8799035051707
3.3593449392424626,407.25154062018464,399.71895093123584,463.17771449452766
3.3618493088079564,405.2289289272303,398.88609633670575,463.475508079453
3.3643577243924048,403.20304953554614,398.43021211287265,463.77328049172445
3.3668690093364955,401.17485275411127,397.9750934075643,464.0710278034132
3.3693822177530155,400.66235188310316,397.8204571609669,464.3687459057442
3.3718956747414053,400.16258059466304,397.8963692819617,464.6664305745569
3.3744086451399546,399.6629060588757,397.9745333143018,464.96407747373166
3.3769199877721134,399.1635551852438,398.412458706599,465.26168218114833
3.3794277559035057,398.8474,399.1100495173968,465.5592402039586
3.3819311387587803,398.8474,399.80951199697444,465.8567470123631
3.384428836653567,398.8474,400.9294069156397,466.1541980416581
3.3869186589340927,398.8474,402.3432650834183,466.4515887208256
3.3893997563278853,398.8474,403.75412216278994,466.74891449172566
3.391871037656749,399.8997932554039,405.54661911582525,467.04617082792714
3.394330572513471,401.37800126804655,407.62055521075513,467.34335326551025
3.3967776559919938,402.8487258628502,409.6841126494083,467.64045743206236
3.3992115053143017,404.3114965814548,412.0663506919165,467.93747905446384
3.401630478554705,405.7653266081202,414.7393661507324,468.2344139927747
3.4040339602789746,408.1871357884161,417.3952631639473,468.53125824845444
3.406421599093523,410.6305409690808,420.2621813716944,468.8280079818248
3.4087921608625353,413.05647024791324,423.43160067453977,469.12465952169634
3.411145102787728,415.4643681488801,426.5797887974555,469.4212093784962
3.413480274494355,417.8885074028708,429.90115922418636,469.71765426143327
3.415796169015665,420.826866896668,433.71285387665847,470.0139910958267
3.418091814145255,423.73953437735554,437.51856479841405,470.31021702497924
3.420367091182558,426.626359240086,441.51342784954375,470.6063294473094
3.42261809870961,429.48239144572517,447.0116267076976,470.90232600325584
3.4248410314088833,432.30280288540007,452.7371563222136,471.1982046051821
3.427036205330392,436.1192414242023,458.3874241150378,471.49396344638
3.429206160769113,439.94508237560603,463.3168522593954,471.78960098248655
3.4313543634723227,443.73257115403976,467.7147606213191,472.0851159592275
3.433482552248223,447.48477344624735,472.071695466807,472.3805073939295
3.4355912245944227,451.2025663885488,476.41225930598887,472.67577458583304
3.437680621467856,455.51555631269366,480.82208534707354,472.97091709610396
3.4397509985572565,460.31797875678785,485.20540224602587,473.26593476930947
3.441802837208368,465.07739965658675,489.5494703287236,473.56082769044076
3.4438369306796686,469.79565904516403,493.7070948079439,473.85559621119916
3.4458544158755195,474.4753940725577,497.64169402304066,474.1502409141746
3.4478560748098444,479.11841868910597,501.54477268664846,474.4447626184765
3.4498422597464815,483.10870416891066,505.4257626866837,474.7391623534799
3.4518127626085917,486.95692159269583,509.5604257059515,475.0334413579098
3.453767137333975,490.7736421950558,513.802360467849,475.32760106030685
3.4557055073198173,494.5591069597567,518.0095572337348,475.6216430671061
3.4576284311498693,498.31440675135036,522.0892442434862,475.91556914138476
3.4595386598236137,502.04491402797794,524.9134416950468,476.20938117687143
3.461439345304669,505.9129655789384,527.3441211051461,476.5030812063105
3.463331309904797,509.7858806697677,529.7636478724778,476.79667135343703
3.4652145683858553,513.6409740424069,532.2311964412178,477.09015382617105
3.467088058896607,517.4760720517052,535.3037370505966,477.3835308998999
3.4689505742408135,521.2887035264112,538.5225682234122,477.6768048902172
3.4708020226073923,525.0786805261532,541.7222732545092,477.9699781533866
3.472642564680087,527.9474721614479,544.9235512904871,478.26305304414245
3.474471915013548,530.3794436122998,548.3716240334106,478.55603191841055
3.47628969954721,532.7960392795185,551.8799726279715,478.8489171095337
3.478096000577652,535.1973685696657,555.3661579068315,479.14171090468574
3.47989111346958,537.5838241459278,558.7803620214913,479.4344155481045
3.481678282551783,539.9597190777313,560.3100232364253,479.7270331913609
3.4834620856782124,542.4803116453822,560.8902403873049,480.0195659155554
3.4852440454399343,545.4123552976253,561.4698579474398,480.3120156905449
3.487024167539916,548.34137525396,562.0488777719197,480.60438436313433
3.4888029863394197,551.2682507545242,562.2927891148311,480.8966736649057
3.490581608163968,554.1948021517164,562.1733536929338,481.1888851807806
3.4923606081804293,557.121975827381,562.0537425032421,481.48102034881555
3.494139986868182,560.049772570288,561.9341058533475,481.77308045419807
3.4959200152173384,560.80668,561.6435802362499,482.0650666253487
3.497701598520859,560.80668,560.953803304002,482.3569798092586
3.499485401383038,560.80668,560.2467720076743,482.6488207904537
3.5012714582539655,560.80668,559.5388473084606,482.94059016759445
3.503059846828863,560.80668,558.7868523720723,483.23228834108556
3.5048509745609775,560.80668,557.8289177349234,483.5239155332475
3.5066452261340073,560.6883781339271,556.8428458036327,483.8154717661671
3.508442660666298,560.1883151267225,555.8550246041119,484.10695685715757
3.51024333088058,559.6873519226888,554.8434492705686,484.39837043614943
3.5120476471834157,559.1853743429022,553.6110214070252,484.68971190829626
3.51385608142877,558.6822511132004,552.319554995648,484.98098048798573
3.5156687542081992,558.1779486838909,551.0250616981526,485.272175175223
3.517485736389262,557.6724473389594,549.7027863597988,485.5632947666619
3.519308045694935,556.3561559289246,547.8090074024211,485.8543378608901
3.521137075125542,554.8458128021075,545.6712889541101,486.1453028356242
3.522973298298898,553.3295293553952,543.5251626605635,486.4361878796324
3.5248167907272556,551.8072432336321,541.3764158596715,486.72699097630266
3.526667107799775,550.2793215795864,539.5225893480789,487.01770990996005
3.5285235095445584,548.7463754339828,537.8330661379966,487.3083422834834
3.530385761365495,546.9674616224188,536.1382187359685,487.5988854948687
3.5322539141752483,544.9534802572457,534.440707054256,487.8893367708504
3.5341276605198972,542.9334687242049,532.9417324611115,488.17969313421384
3.5360064672264135,540.9080018159675,531.5655081590268,488.46995145389826
3.537890150843233,538.8772773043806,530.1857115241567,488.7601084033374
3.539778747613772,536.8412561168561,528.8033955776561,489.0501604952937
3.541672178238726,534.9810704832717,527.4820069779183,489.3401040700749
3.5435702956355577,533.4783789648573,526.1951714703887,489.6299353188157
3.5454730663913026,531.9720034999268,524.9051812015231,489.91965025453925
3.5473805235566296,530.4619179231017,523.6127489005025,490.2092447556683
3.549292656579955,528.9481305878039,522.3411317644079,490.4987145501661
3.5512094346633893,527.4306658759442,521.0780038310007,490.7880552121463
3.5531308704769042,526.0369153352569,519.8118065236022,491.07726219665744
3.5550569563203256,525.0332153980619,518.565008447698,491.36633081927147
3.5569870038407085,524.0274509968497,517.6796636668881,491.6552562694404
3.55892011902412,523.0200880099878,516.9203924082296,491.9440336230072
3.56085607782264,522.0112431907789,516.1600042605367,492.2326578394384
3.562794746280782,521.0009863445823,515.4763592915314,492.52112377857765
3.5647347503187787,520.1149047529999,515.4493306569383,492.80942620343404
3.5666745760473697,519.6142676451736,515.5711359944106,493.0975597797415
3.568613943594108,519.1137487865457,515.6929125618854,493.3855190908767
3.5705527901564276,518.6133643854255,515.8482543487806,493.6732986540739
3.572490744586866,518.1132102288669,516.1678552139276,493.96089289565657
3.574427458602239,517.6133762030305,516.5092477058228,494.24829619857974
3.5763628933697875,517.24108,516.8504146997385,494.53550287218064
3.578296966060713,517.24108,517.2370262415274,494.82250718525063
3.5802293290612814,517.24108,517.765465926012,495.10930335788265
3.582159702913541,517.24108,518.3035510229369,495.3958855683711
3.5840880747925494,517.24108,518.8410780766087,495.68224795958474
3.5860142686254997,517.24108,519.4764134469849,495.96838464458375
3.587937725604914,517.3566306129444,520.3187751134702,496.2542896991778
3.58985806130656,517.8522376654531,521.166483578462,496.5399571768466
3.59177527852734,518.3470398893536,522.0128154285999,496.8253811091789
3.593689175724202,518.8409852696997,522.9762798025679,497.11055548845934
3.5955992235314844,519.3339371859228,524.1191777530278,497.3954742950946
3.5975051117766625,519.8258155875972,525.261537605863,497.6801314765006
3.5994068639856036,520.3973394682771,526.401418382606,497.9645209688552
3.6013042414934215,521.3860792443038,527.6866400135625,498.24863667174543
3.603196689294565,522.3722501076847,529.1476997971323,498.53247247533324
3.6050839253671847,523.3557050944034,530.6051375477252,498.8160222389815
3.606965991822203,524.336466148824,532.0585830072458,499.09927980922663
3.6088427425431524,525.3144571283965,533.6153211324659,499.3822390078499
3.610713828355289,526.2932469884304,535.2853509297179,499.66489363854294
3.6125790945507292,527.7712029489012,536.9502510916201,499.94723748449366
3.614438594984674,529.2445903702596,538.6100048473824,500.22926431849845
3.6162920430922147,530.713182190912,540.4630427189361,500.5109678804702
3.618138756481373,532.176437713078,542.5460535256203,500.7923418887254
3.6199784059503983,533.6340960915818,544.6215416396104,501.07338003460706
3.621811071197912,535.0862204761502,546.6891501714024,501.3540759691382
3.6236367165901937,536.9105995975483,548.8179843760753,501.63442333001035
3.6254551277892193,538.8692694531542,551.047778253343,501.91441569367015
3.627266208103931,540.8200429747908,553.2699497599646,502.1940466075253
3.6290700432615512,542.7630125020387,555.4832315550416,502.47330956684925
3.6308669455209404,544.6985143790739,557.5471889166495,502.7521980233638
3.6326578031796934,546.6275054201324,559.2387144673046,503.03070537266365
3.6344432901402115,548.5641225419854,560.9063648142162,503.308824952733
3.636223484273268,550.5281397358872,562.5690716438259,503.5865500422394
3.637998620871683,552.4865771535106,564.1068854421925,503.86387386556373
3.639769943607233,554.4408068883295,564.9935281315074,504.14078956923765
3.641538641740784,556.3921410044304,565.7822300603053,504.4172902367832
3.6433048777295163,558.3407587343422,566.569834063812,504.69336887871424
3.6450686885169827,560.2867008364128,567.339162790209,504.96901842381385
3.646830577159977,561.531657269351,567.8065497466185,505.2442317314168
3.6485911869523644,562.5206737491562,568.1636159604311,505.51900155238167
3.6503506909720604,563.5090690649654,568.520457914329,505.7933205714531
3.652109091390626,564.4968444366446,568.877017331577,506.067181366486
3.653866599479292,565.48411854508,569.0978734986551,506.3405764068963
3.6556236180784025,566.4711176844457,569.1940121302554,506.61349808576784
3.6573803399617333,567.3909733910973,569.2901345265508,506.8859386550366
3.6591367652795563,567.8881673230535,569.3862406956637,507.15789026657524
3.6608930297597215,568.3853157264543,569.3944057786046,507.42934493411764
3.6626495986231267,568.8825502920724,569.1889465693324,507.7002945254237
3.6644068165804207,569.3799685976651,568.9738312134191,507.97073075691293
3.666164699151086,569.8775750363548,568.7586344967458,508.2406451796661
3.667923290362342,570.3753820709926,568.5153827374835,508.5100291740726
3.669682911309639,570.3455466693051,568.0932027677608,508.7788739394124
3.671443890110836,569.8474927630243,567.6389926024257,509.0471705009321
3.6732062791318887,569.3490400072474,567.184418698255,509.31490967681367
3.674970093337826,568.8501841694465,566.7220470837756,509.5820820895209
3.676735650439987,568.3508353919967,566.0652583428039,509.84867813546623
3.6785033924900032,567.8508686503703,565.3220179237662,510.11468797909237
3.680273461692244,567.3502437252073,564.5777990623066,510.3801015357371
3.682045867261766,566.8508741971973,563.8325978841415,510.64490844475563
3.6838208815550213,566.3508802141125,562.9196320291932,510.90909806844144
3.6855990543734434,565.8499965234998,561.8314895758458,511.1726594570444
3.687380677847025,565.3481408368734,560.7412179672924,511.43558134347086
3.689165772170716,564.845307465629,559.6488223582904,511.6978521482239
3.690954505270633,564.3414491075857,558.4622320965301,511.9594599480021
3.692747373212052,563.6216023126517,557.070633534309,512.2203924737088
3.6945447428159186,562.6186158894252,555.6683223714737,512.4806370673118
3.696346659867417,561.6130918533313,554.2624632812759,512.7401806731789
3.6981533465476097,560.604906220638,552.7384420803841,512.999009816579
3.6999657729032944,559.5935176759899,550.7582236829097,513.2571106175343
3.7017848161538023,558.5784367045549,548.7246179268296,513.514468779168
3.703610626103461,557.5431049766435,546.6834473156524,513.7710696144059
3.7054433139691367,555.5345500491453,544.6137839449617,514.0268980294456
3.7072832095926795,553.5180956981544,542.4088727827628,514.2819385306279
3.7091306522086374,551.493370135744,540.1733471789005,514.5361752289789
3.7109857725005218,549.4602301378468,537.9285310882183,514.7895918486549
3.7128485912789015,547.4186528968844,535.7177640865532,515.04217173185
3.7147185536107474,545.369246597967,533.8258432939007,515.2938978493668
3.716595047419966,542.9778623073917,531.9948339632703,515.544752806855
3.7184780221299727,540.4622697253471,530.1575008231131,515.7947188672654
3.7203674929858828,537.9379985049973,528.3430157356148,516.0437779573679
3.72226309552999,535.4055355499086,526.732935590917,516.2919116670921
3.7241644346377054,532.8654087335999,525.1596311098779,516.5391012837508
3.7260714870837974,530.3176490842197,523.5815990024885,516.7853278009247
3.727984319628124,528.4104354114556,521.9906527331266,517.030571924124
3.72990308439489,526.9062578170233,520.3491872385573,517.2748140907755
3.7318279344317786,525.3973097957346,518.6954282692963,517.5180345012577
3.7337589412004206,523.8835353266609,517.0363796668421,517.7602131043006
3.7356961625069607,522.3648890938211,515.3728684534485,518.0013296460804
3.737639650857791,520.8413299358708,513.7072587916401,518.2413636563633
3.739589460644858,519.6303846670364,512.0365440922185,518.4802944800751
3.741545653359718,518.6235705243937,510.3603601149677,518.7181012829953
3.74350785797439,517.6136621744629,508.90341669310817,518.9547630632749
3.745474745208012,516.6013437721138,507.93262189529196,519.1902586593452
3.7474453655003073,515.5871040374545,506.9771405065543,519.4245667793566
3.7494197067817137,514.570949182453,506.0198549468411,519.6576659930325
3.751397046480575,513.2150187166612,505.44047096286846,519.8895347565659
3.7533758454243573,511.7105337926828,505.2736598294221,520.1201514319158
3.755355297500148,510.20555229109004,505.10697978777426,520.3494942745754
3.7573353829605463,508.70008922587203,504.9504586545072,520.5775414567031
3.759315352258747,507.1947144790124,505.16626037839205,520.8042710939925
3.761294109893307,505.69026096252173,505.5691034561275,521.0296612205806
3.7632712920856326,505.42728,505.9716257994162,521.2536898288336
3.765246808994509,505.42728,506.4218326021764,521.4763348551861
3.767219695406839,505.42728,507.32207313709654,521.6975742048061
3.7691888728544924,505.42728,508.3314311564597,521.9173857468274
3.771154147970349,505.42728,509.33878892457176,522.1357473248738
3.773115420265519,505.42728,510.4085485121416,522.3526367620639
3.775072055504583,506.34973957984494,511.75615359825514,522.5680318687796
3.777023490005531,507.3377003995413,513.1327716208426,522.7819104417935
3.778969703204778,508.3230178092201,514.5057063335428,522.9942502779995
3.780910589937685,509.3056385667444,515.9531619245831,523.2050291727506
3.7828456748021493,510.28532198832454,517.59585130968,523.4142249234053
3.78477461929853,511.26189670034637,519.2432348667315,523.6218153383409
3.786697463168386,512.7222358740082,520.8854082831054,523.8277782268508
3.788613802036677,514.1974322143442,522.7747645673682,524.0320914285571
3.790522436282509,515.6666975416197,525.1000984037163,524.2347327950982
3.7924226406195682,517.1294735309311,527.4234150270289,524.4356802115711
3.794314510967118,518.5858340208606,529.7365419586907,524.6349115810415
3.796198052920773,520.0357833189087,532.0979916074926,524.8324048562939
3.798073122442678,521.9255126600078,534.5346928823074,525.0281380205039
3.799939681588512,523.8788089781292,536.9610914359183,525.2220891271423
3.8017978438879685,525.8233182566591,539.3765746664922,525.414236269603
3.803647410339421,527.7588322465617,541.9641094643632,525.60455762492
3.805487702582855,529.6846410650978,544.8273440195592,525.7930314271124
3.8073183677978664,531.6003754966455,547.6791456047821,525.9796360049866
3.809139549614831,534.110835920842,550.5161739977839,526.1643497789836
3.8109515183030203,537.041035879698,553.2624919651698,526.3471512512613
3.8127548111620575,539.9572058421254,555.8256252150707,526.5280190579429
3.8145498362356554,542.8600056703381,558.3707530253107,526.7069319346525
3.816336716221037,545.7496337824423,560.9043320881524,526.8838687688647
3.8181158732510427,548.6267728246912,563.2283410953615,527.0588085724778
3.8198890260531844,551.4494524296806,564.707976218756,527.2317305159951
3.8216576903239723,553.9119499715034,566.0905720933738,527.4026139392695
3.82342204536952,556.3684478124578,567.4697993713894,527.5714383520913
3.8251821673462745,558.8190519845739,568.8166833109374,527.7381834321972
3.8269386687218185,561.2646152217167,569.8112470547674,527.9028290625702
3.8286922666314713,563.7061359858244,570.7017566850767,528.0653553152533
3.8304431325211095,566.1438529796633,571.5908789449113,528.2257424664401
3.832191280322516,567.8346723727491,572.477832210041,528.3839710064918
3.8339370394179833,568.825886118188,573.1560104229925,528.5400216473557
3.8356809806682124,569.8160677205369,573.6718453690124,528.693875321839
3.8374233552060915,570.8053597689832,574.187216902252,528.8455131946816
3.839164167246536,571.7937646566879,574.7021262690099,528.9949166785427
3.840903547126563,572.7813563868981,575.1331132626705,529.1420674218598
3.8426419218420165,573.7683774009402,575.3668708804029,529.2869473245637
3.844379603080328,573.91491,575.5922536108241,529.4295385476744
3.846116604166788,573.91491,575.8175481230028,529.5698235048792
3.8478529766505254,573.91491,576.0090755024098,529.7077848831889
3.849589156966581,573.91491,575.9450088116628,529.8434056496171
3.851325610276775,573.91491,575.8279809408783,529.9766690469099
3.853062416565222,573.91491,575.7109292810255,530.1075585970589
3.854799580830964,573.91491,575.5906840768185,530.2360581343153
3.8565374804365398,573.91491,575.2238950565895,530.3621517914526
3.8582767232110493,573.91491,574.7020619033732,530.4858239991904
3.860017546666363,573.91491,574.1797544911776,530.6070595208791
3.861759955120058,573.91491,573.6569715244151,530.7258434285427
3.863504132197138,573.91491,573.015950224364,530.8421611172221
3.865250612596201,573.91491,572.1450020176632,530.9559983212763
3.8669997646911307,573.6644301564013,571.2668176658445,531.0673411047535
3.8687516098331707,573.1656582670419,570.3872812350381,531.1761758689709
3.8705062167047153,572.6661000792762,569.4699299874732,531.2824893499321
3.8722639539070802,572.1656506477698,568.3576749703284,531.3862686286461
3.8740251817719784,571.6642073816458,567.2148794878665,531.4875011347336
3.875789965253925,571.1617517875538,566.0697768971468,531.5861746512553
3.8775583537102176,570.658269812863,564.9046509753829,531.6822773062887
3.8793309020498743,569.7056694199073,563.4163291038616,531.7757975826551
3.8811083341976063,568.7022852427981,561.8047406244476,531.8667243274182
3.882890879804371,567.6960144497975,560.1885157983298,531.9550467421468
3.8846785865429387,566.6868301289901,558.5655649403544,532.0407543848855
3.8864722949220805,565.6742578019534,556.4469109843244,532.1238371699139
3.888273474473203,564.6574678985894,553.9422088287299,532.2042853719748
3.890082835473481,563.2311117530899,551.4261296324273,532.2820896228419
3.891900490435683,561.21414881073,548.8985169361816,532.3572409233806
3.8937268029848573,559.1875789669193,546.21088659217,532.4297306364317
3.8955624825697117,557.1506149810748,543.3115873865944,532.4995504717341
3.8974080126891053,555.1027203381245,540.3957215169297,532.5666925175483
3.8992635553807222,553.043715232764,537.4640361727023,532.6311492435489
3.9011287814700744,550.883236032595,534.798661298707,532.6929134516034
3.903002522090085,547.8531424534676,532.5895064395447,532.7519783497897
3.904884054699864,544.8104481664759,530.378333716262,532.8083375085004
3.9067734645562324,541.7550152997383,528.1579036710193,532.8619848544703
3.908670530649472,538.6872012560461,526.1056172892713,532.9129147098964
3.9105745184724148,535.6081938334482,524.3242895871181,532.9611217513642
3.9124849908143746,532.518700061125,522.5402811827131,533.0066010346827
3.914402008173446,530.4681352171528,520.7501610094716,533.0493479706887
3.916325809802391,528.4532023925258,518.8614968348684,533.0893583474895
3.9182568464646192,526.4306918084085,516.8555051514757,533.1266283073828
3.9201954075399934,524.4003003769085,514.8414824647396,533.1611543616826
3.922141582057323,522.3619348518878,512.8195645245307,533.1929333730162
3.924095455926318,520.3155052540615,510.79197920196356,533.221962561894
3.9260571135088282,518.7847313212405,508.75800632221757,533.2482395120195
3.9280266453078587,517.2685870994751,506.71586894775925,533.2717621577345
3.930004086254531,515.7463544213042,504.6963692385345,533.2925287887675
3.9319883369789634,514.2188795809061,503.24286667566713,533.3105380426304
3.93397790652661,512.6873103140629,502.0012342842156,533.3257889158614
3.9359724092533055,511.10652197888703,500.7565232393228,533.3382807547721
3.937971720051351,509.09548223523825,499.589557865915,533.348013253485
3.9399747758776087,507.08067549319003,498.8853566191575,533.3549864612976
3.9419805132842822,505.0631714392498,498.2545450270817,533.35920077126
3.9439887932655386,503.04310989472697,497.62293378627044,533.3606569245147
3.9459990550492154,501.0210549215508,497.2724894812244,533.3593560112009
3.9480094449435876,499.4684167558901,497.5594941345741,533.3552994576844
3.9500186267140114,498.97042868057656,497.87069785647117,533.3484890470556
3.952026552527547,498.4727519019127,498.18213539333,533.3389269123156
3.9540326341093417,497.9755322274434,498.7866586469696,533.3266155250881
3.9560357838741824,497.47903922186174,499.6416674782036,533.3115577124632
3.958035511601839,496.98339438927076,500.4952156737443,533.2937566617605
3.960031793466864,497.2572942113229,501.3680748490064,533.2732159091796
3.9620239164999984,498.24767448812895,502.5874626177088,533.249939345519
3.9640109734137345,499.23553615305764,503.9280196440351,533.223931219861
3.965992758297194,500.2207768378976,505.265019924103,533.1951961198642
3.9679691541137787,501.2033383581204,506.68000323509506,533.1637389825224
3.9699391358536644,502.18271113199035,508.56131971244923,533.1295650992972
3.971901712271845,503.49350657233435,510.5110089718352,533.0926800994946
3.9738568217813266,504.97269258117785,512.453280353382,533.0530899584155
3.9758044765531633,506.44623852557925,514.4265415263419,533.0108010077926
3.977744467698312,507.913986365415,516.510210458276,532.9658199067721
3.9796766484983817,509.37582509729054,518.5938045239435,532.9181536874974
3.981601097107335,510.83181385050193,520.6690604738243,532.8678097090291
3.9835176621729804,512.298999446592,522.8691557743913,532.8147956740215
3.9854256936073464,513.7678007300165,525.3374165603115,532.7591196565594
3.9873247863996273,515.2297210529232,527.8027819773522,532.7007900571414
3.9892150494903102,516.684844277624,530.2566848468097,532.6398156421773
3.991096385839763,518.1330957030768,532.8236418735885,532.5762055254738
3.992968317737561,519.5741075881265,535.5985015219604,532.5099691524329
3.9948305937397914,521.5512259552652,538.3632809943888,532.4411163287041
3.9966833544637272,523.9839311065971,541.1139338571923,532.3696572198156
3.998526445359519,526.4039396153275,544.0275658856659,532.2956022915935
4.000359135967159,528.8102923755114,547.2737636730252,532.2189623911984
4.002181004065762,531.2024350042175,550.5100900165946,532.1397486843432
4.003992223857363,533.580596231568,553.7275009426903,532.0579726682384
4.005793267664421,536.1538576173562,556.7478733316393,531.9736461702867
4.007585444656828,539.5645695646845,559.218804933144,531.8867813448412
4.00936979393746,542.9603845067577,561.6432251960739,531.7973906591495
4.011146473690388,546.3416034854417,564.0572247645331,531.7054868917564
4.012915743998575,549.7087214675112,566.3569740130889,531.611083138074
4.014678903908656,553.0642106830519,567.972388158697,531.5141927757861
4.016437250622643,556.4105398516267,569.4616644003685,531.4148295098954
4.018191010794206,558.8575042470252,570.9470559535587,531.3130072824836
4.019940239068467,560.8210890710402,572.4161811097001,531.2087403543186
4.0216855689400575,562.7802977684883,573.5000274878089,531.1020432503753
4.023427879412527,564.736117059088,574.4017188799118,530.9929307450932
4.025167459096133,566.6888709204081,575.3019970171408,530.881417905991
4.026904320791008,568.6385737211526,576.2008685241542,530.767520037868
4.028638680736725,570.5854681996493,576.9627974526969,530.651252703674
4.03037105249628,571.586537720005,577.5240854637588,530.532631731092
4.032101744894023,572.5748912785532,578.0830406319526,530.4116731718615
4.033830765479452,573.5622901084323,578.6414558608427,530.2883933489243
4.03555823616752,574.5488038321112,579.120789620352,530.1628087771368
4.0372848303544755,575.5348170087284,579.2290024528754,530.0349362247746
4.0390111729632485,576.5206865155681,579.2895878350203,529.9047926763229
4.040737335040223,577.3741717497289,579.3501668815068,529.7723953331479
4.042463330176699,577.8712925418747,579.4016521024381,529.6377615936407
4.044189555250447,578.3684795605102,579.1958526605566,529.5009090769627
4.0459165692319345,578.8658938002031,578.8724533337836,529.3618555713715
4.0476445485860495,579.3635860863374,578.5488732320485,529.22061908168
4.049373494933489,579.8615568857058,578.225112051691,529.0772177880489
4.051103705718844,580.3598918682428,577.7036475826302,528.9316700499435
4.052835948414902,580.3081479186842,576.8695818384042,528.7839943939173
4.054570705143049,579.8085036145656,576.0304341150236,528.63420951502
4.056307992719352,579.3081303760405,575.1900621532628,528.4823342621175
4.058047882672676,578.8070076013792,574.3086013753727,528.3283876445961
4.059790740591236,578.3050299939327,573.2328798853463,528.1723888156118
4.061536914263256,577.8020973838034,572.1296276868383,528.0143570695615
4.063286461651119,577.298193076676,571.0242439362573,527.8543118237206
4.065039416478143,576.3547384193894,569.9075616390552,527.6922726557747
4.066796092116792,575.3515465055998,568.6080309417544,527.5282592474466
4.06855690080266,574.3459943156959,567.2353670309478,527.3622914174316
4.070321980877786,573.3380028461265,565.859373297127,527.1943891005135
4.072091363681105,572.3275542000383,564.4799601564102,527.0245723480178
4.0738655574320894,571.3143581464674,562.795156466355,526.8528613136431
4.075645531116149,570.1487894243842,560.8204314265004,526.6792762572701
4.07743179459433,568.6405860890841,558.838728410429,526.5038375290154
4.07922441502018,567.1270153654932,556.8499729174807,526.326565568872
4.081024082279236,565.6074947596626,554.4716615776412,526.1474809071335
4.082832723668619,564.0803969887297,551.3396154934776,525.9666041263469
4.084651730524005,562.544547300407,548.1705971674436,525.7839559331089
4.086481314887162,560.9997666605786,544.9831510291633,525.5995570386586
4.088321240977351,558.1555377119657,542.0250835093259,525.4134282723167
4.090170030497675,555.1135321101319,539.7685334985401,525.2255904914073
4.0920265032114225,552.0588845513985,537.5478650200415,525.0360646295071
4.093890677228,548.9915652384752,535.3179844264905,524.8448716738753
4.095762503347089,545.9116551257612,533.1616810326818,524.6520326405573
4.097641451915408,542.8200257068647,531.266782835563,524.4575686309522
4.099527089111774,540.4171718538164,529.3859730358367,524.2615007589587
4.101419449640527,538.4005251277858,527.4984571162906,524.0638501844895
4.103318616724369,536.3766248066686,525.5982025074427,523.864638100036
4.105224707389253,534.3453461784957,523.6733601343433,523.663885692116
4.107137832324396,532.306571284219,521.7402466318506,523.4616141731573
4.109058072137603,530.2602142218848,519.799943914749,523.25784475913
4.110985576053028,528.2318080149398,517.8152335872118,523.0525986202099
4.112920652290348,526.2167386260835,515.7399436701556,522.8458969325391
4.114863552569146,524.1935217616001,513.6531963873194,522.6377608153635
4.116814378393259,522.162051721637,511.5579367735209,522.4282113790052
4.118772568747107,520.1229127133156,509.79626723052706,522.2172696606693
4.120736648734226,518.0776406031118,508.493865984154,522.0049566641604
4.122705767094322,516.3488424318894,507.190783808943,521.791293299241
4.124679947061088,514.8378737820285,505.8897520013739,521.5763004500636
4.126658169403825,513.3238112382642,505.11953525638785,521.3599989031634
4.128638718418184,511.8079679410025,504.7016446309043,521.1424093359649
4.130620908678592,510.29086849112673,504.2834077072496,520.9235523847194
4.132604684421941,508.7725555677789,503.8952149130285,520.703448523572
4.13458917692618,507.9922459419522,503.9191239434388,520.4821181633628
4.1365733189315295,507.4918678869237,504.07326842498435,520.2595815254829
4.138556854376078,506.9916427996327,504.227365783597,520.0358587236628
4.140539621016872,506.49161159590767,504.46426194744646,519.810969710489
4.1425206388613045,505.99202141874207,505.11818310166154,519.5849342660283
4.144498982642787,505.49310560984964,505.82895730767615,519.3577719909663
4.146474550413237,505.42728,506.53873415550737,519.1295022868082
4.148447124311645,505.42728,507.36565338269236,518.9001443625109
4.15041593376481,505.42728,508.47790344948976,518.6697172285672
4.152380421285416,505.42728,509.6005577279345,518.4382396834143
4.154340590505516,505.42728,510.72074420819985,518.205730276853
4.156296098997879,505.42728,512.0328257378167,517.9722073534963
4.158246133059976,506.854936460491,513.592656865993,517.7376890193647
4.160190260640397,508.3343338227669,515.1487674533355,517.5021931268237
4.1621285311886895,509.8092742358335,516.7012646656341,517.2657372898889
4.16406059422883,511.2794910025309,518.4646497779985,517.0283388638171
4.165985809488578,512.744496903259,520.3837674613255,516.7900149392526
4.16790395071221,514.2041197671551,522.2958335133092,516.550782387983
4.169815096659073,515.6828289993055,524.2001843410375,516.3106578204381
4.171719385945389,517.157240971329,526.063717794006,516.0696575603965
4.1736169861782395,518.6264738875329,527.9022605438755,515.8277977458172
4.175508000393615,520.0906075243975,529.7344222473212,515.5850942269495
4.177392487830183,521.5496877479591,531.5652782438508,515.3415626299316
4.179270225541435,523.0035419400115,533.5499035977907,515.0972183278038
4.181140870837118,524.472894290388,535.6038187213833,514.8520764338439
4.183004369893606,525.9409447223766,537.6498874784347,514.6061518557408
4.184860769005806,527.4034018720699,539.7085801786943,514.3594592212646
4.186708755615624,528.8592317161506,542.557845083889,514.1120129336693
4.188546397047322,530.3069117073219,545.8034376969464,513.8638271365942
4.190373175062876,531.7460335815963,549.0298436376681,513.6149157539699
4.192189282793424,533.9972049080443,552.2357451739083,513.3652924685128
4.193995391774604,536.9179289232206,555.1246816456639,513.1149706818273
4.195792504123886,539.8241041602705,557.7781205433616,512.8639635915775
4.1975811075159495,542.7165192555185,560.4189959538706,512.6122841406977
4.1993613216854335,545.5953678361693,563.0474846651035,512.3599450408365
4.201133895818714,548.461861438549,565.259449887839,512.1069587839925
4.202900522312653,551.2982749575795,566.8439827457883,511.8533376416868
4.204662234457841,553.7489804317356,568.4174431373341,511.5990936553703
4.206419083339509,556.1929206539389,569.9865599403081,511.34423865345957
4.208171262702496,558.6303651412836,571.4509744848825,511.0887842535098
4.2099195362461685,561.0623762706291,572.5357921761533,510.83274185741664
4.211664557833371,563.4898636260177,573.5827909376413,510.5761226467996
4.2134063999047005,565.9129279790577,574.6278820149273,510.3189375981685
4.215145106699996,567.7346438426512,575.6532318377117,510.0611974789653
4.216881089191985,568.7203065909471,576.4326472552361,509.8029128591811
4.218614843926137,569.704704454417,577.1334822607878,509.54409408926995
4.220346495845253,570.6879083735603,577.8334672458636,509.2847513486642
4.222076052582146,571.6699226821647,578.5326052964729,509.02489460027783
4.223803857091586,572.6509421043952,579.0059492731978,508.76453363296616
4.22553059357989,573.6313551215185,579.248423178665,508.5036780372541
4.227256607569243,574.619450778469,579.4907874159362,508.2423372650835
4.228981899978033,575.6104269368225,579.7330503295584,507.9805205463915
4.230706603343611,576.6010647596131,579.8866703803033,507.7182369535438
4.232431305964234,577.5917021545142,579.7335510745934,507.4554954009913
4.234156503010552,578.582623538422,579.5543413214152,507.1923045998988
4.235882233687267,579.5738514297932,579.3750761357375,506.9286730628205
4.237608532110993,580.5654054245829,579.1731987382793,506.66460917548295
4.239335958083179,580.0950104742531,578.6190831385516,506.40012111292884
4.241065220781614,579.5969485595308,577.9435860567507,506.13521690851474
4.242796507001405,579.0983038305715,577.2672985328604,505.86990443082794
4.244529823862784,578.5990742366062,576.5902177844986,505.60419141235775
4.246265445806413,578.0991807332882,575.7350963298084,505.33808545081
4.248003952335065,577.5984564123389,574.6785799393671,505.0715940179521
4.249745661194369,577.0976315894511,573.6199368886873,504.8047244911006
4.251490590420568,576.5979505902112,572.5593364391183,504.53748412445907
4.253238823842464,576.0973233956859,571.4537243673603,504.2698800936432
4.254990662985053,575.595663660647,570.2049725982421,504.00191943705005
4.256746364076536,575.0928980111373,568.9424974353897,503.73360911554244
4.258505969736397,574.5890142425658,567.6772146079433,503.464956001586
4.260269546150911,574.0839934017149,566.3834286355946,503.1959668644211
4.2620375376039,572.9149148422885,564.8458493871535,502.92664840189394
4.263810448251289,571.4093136142924,563.2448590937499,502.65700721636483
4.265588412719241,569.8994205521544,561.6393050525012,502.3870498811529
4.267371495382564,568.3851809871367,560.016033751094,502.11678285010476
4.269160644130546,566.8657899473251,557.8382492520378,501.8462125654758
4.270957275444548,565.3400445203897,555.3617061862295,501.5753453851373
4.272761954666213,563.8117237218557,552.8740695867883,501.30418765537894
4.274574790959717,562.2986627846349,550.3751691914547,501.03274565603806
4.27639600282779,560.7786112797867,547.8007357831489,500.76102566040265
4.278225914874213,559.2512982808612,545.1543760517882,500.48903392094826
4.280064753569202,557.7165347673504,542.4951068891594,500.2167766466585
4.281912650842184,556.1742106260226,539.8227375032415,499.94426007454786
4.283769015630906,554.6248191795294,537.5564831720155,499.67149041817817
4.285632319122437,551.8404069306162,535.808812005664,499.398473889159
4.287501717206068,548.799823701861,534.057140520871,499.1252167093534
4.2893772670666355,545.7492345840747,532.2997046713892,498.85172511353545
4.291258978460306,542.6886237088147,530.5653722857427,498.57800531944713
4.29314679325385,539.6180856300025,528.8633222071239,498.30406357503307
4.295040703040078,536.5376340219673,527.1559468538109,498.02990611404044
4.29694076693211,534.4904965798551,525.443023523246,497.75553917661824
4.298847085859436,532.9800122167717,523.7022571487338,497.4809690415697
4.300759808574599,531.4644537702011,521.9306125058166,497.2062019546268
4.30267904611587,529.9437332582361,520.1529114299934,496.93124420476164
4.304604862808338,528.4177997124693,518.370588021486,496.6561020863758
4.3065365095727,526.8872466708217,517.0171724268445,496.3807818753727
4.308472581089971,525.369150303492,516.0035129632795,496.10528989252236
4.310412463417508,523.8584798901802,514.9878582922714,495.8296324128281
4.312356147566288,522.3448488339532,513.9868822263052,495.5538157415669
4.3143025235309,520.8291215441163,513.5639995664503,495.27784615958836
4.31624995985498,519.3125685064215,513.4272353915203,495.0017299502534
4.3181979150656655,517.7956113892469,513.2904347762081,494.72547333269625
4.3201462889318485,516.9238520935417,513.2066087586713,494.4490825444759
4.322093747531228,516.4241402555722,513.7731736823196,494.172563742793
4.324038696727136,515.9250723227524,514.5318807498385,493.89592301650646
4.325980782196179,515.4267392133663,515.2894707034861,493.61916641970276
4.3279198700599775,514.9291752801912,516.1239822961669,493.3422999035532
4.329854895798507,514.4326536757646,517.455716662403,493.06532932064545
4.331784790160446,514.9129527662649,518.872373001751,492.7882604203227
4.3337094296979854,515.9035271054722,520.2851719903019,492.5110988427941
4.335628763784028,516.8913708325263,521.7449464574751,492.23385006814647
4.337542352111186,517.876257329825,523.4145978895762,491.9565194438205
4.339449812281255,518.8579897844875,525.1028056079787,491.67911216693835
4.341351159517524,519.8365760316447,526.7856030419573,491.4016332560641
4.343246476210591,520.8187342537772,528.4496411687264,491.1240875396395
4.3451359236156115,521.8024935165431,530.0633626875691,490.8464796434604
4.347019642659451,522.7832702520595,531.6685223405974,490.56881398688154
4.348897691611175,523.7610947986841,533.2688503799028,490.2910947685772
4.350770077704395,524.7359709226689,534.8893732635817,490.01332592248264
4.352636669368453,525.7078301204638,536.5849330081131,489.735511168019
4.354497370918034,527.0847554739785,538.2811469780266,489.45765390149677
4.356352227417608,529.0500518230319,539.972032604739,489.1797572924403
4.358201200118778,531.0091140469531,541.7125032179807,488.9018241606219
4.360043915530202,532.9615464163835,543.6457310961695,488.6238570593847
4.361880071112875,534.9070283788697,545.590056766211,488.3458581555525
4.3637097062795185,536.8456016938035,547.5274778950701,488.06782928884365
4.36553277677792,538.7817459150829,549.5264440644384,487.789771888294
4.367348675248505,540.7507351060831,551.8616695413714,487.5116870287992
4.369156844690396,542.7113436666677,554.2344502929238,487.23357535869
4.370957305812373,544.6635940514852,556.5971157570873,486.95543714512166
4.372750244158006,546.6076874464998,558.8949431141854,486.6772722512633
4.374536693723654,548.5447450199299,560.6468204887168,486.3990801263823
4.376317793697993,550.4760020006333,562.2570825071914,486.1208598264632
4.378093807240653,552.4304805229704,563.8627459691451,485.84260999213666
4.379864795409007,554.3956596032731,565.4525138037268,485.56432888051324
4.381631611011056,556.3562085905241,566.5285513873212,485.2860143359568
4.383395503994444,558.3135144905791,567.3276474908752,485.00766380385585
4.385156915974766,560.2680673426967,568.1256196261752,484.7292743644215
4.386915857391646,562.2198787312182,568.9224725225229,484.4508427199727
4.3886727475251295,564.1134023496727,569.4528852076547,484.1723652132996
4.390428574788222,565.1045902809653,569.6113500667918,483.8938378595483
4.392183917602873,566.0955047346449,569.7672492306369,483.6152563378372
4.393938780253649,567.0861481294066,569.9231057492176,483.3366160259303
4.39569336486442,568.0766345668742,569.947829321342,483.05791201147986
4.397448598177859,569.0674872056577,569.5020038499767,482.7791391346151
4.399205271702609,570.0591528629545,569.013684891319,482.50029196859566
4.400963454074612,570.3876264876787,568.5249465042833,482.22136485248313
4.4027232370447,569.8894821000924,567.9790970893969,481.94235194862995
4.404485654052374,569.3905920915618,566.8272805734126,481.6632471857954
4.4062519154860915,568.8906138356226,565.5094566318984,481.38404435774476
4.408022302540465,568.3894677340968,564.1885545266466,481.1047370626526
4.409796864854905,567.8871397354822,562.8515040414761,480.8253187824307
4.411577119626942,567.3832003644131,560.5877654149366,480.5457828714932
4.413365503560275,566.4386686107082,557.7475443696944,480.26612259882324
4.415163041464167,565.4297776252115,554.8927854510912,479.9863311265883
4.41696987536394,564.4156691439248,552.023263101068,479.7064015493986
4.418787372285189,563.395575906366,548.4031648106146,479.42632694938266
4.420618407050489,562.3678843818416,543.8940005386648,479.14610035803935
4.422464752908318,561.3315993121141,539.3457678014253,478.86571478106225
4.4243268028810006,558.5388244831047,534.7588500207027,478.5851632649916
4.426204693637821,553.9436888827677,530.2846248490135,478.3044388542537
4.428098163440699,549.3104318800542,525.9946920064141,478.02353465415695
4.430007201164109,544.6390806987511,521.6713828292111,477.742443791112
4.431932193764764,539.9286884687826,517.311941381454,477.46115950337435
4.433875045587868,535.1745953214031,512.1287392364084,477.1796750786473
4.43583947139836,530.6797147675825,506.0171514692453,476.89798388624524
4.43782791984558,526.5619977010683,499.8302337372104,476.61607939958185
4.439841347408835,522.3925534034297,493.540582604352,476.3339552394798
4.441882556032044,518.1655795556271,486.32421874808665,476.0516050873323
4.443955421496086,513.8730501165028,478.5857952511102,475.7690228141763
4.4460623685232346,509.50994392480607,470.72013842800175,475.4862023645569
4.4482039391141495,503.33803625230576,463.2339033223078,475.20313789532827
4.450375926570652,496.45822950342335,457.6160011293817,474.91982366444074
4.452574428734655,489.49443697319657,452.1273837857344,474.636254106564
4.454800144657614,482.4444444043984,446.4951887292689,474.3524238203836
4.4570603534744855,475.28519501479605,438.4519092417697,474.0683275734451
4.45936582424188,467.75126570911016,429.1496110620754,473.7839602609041
4.4617224135645746,459.806807292729,419.64105563953757,473.4993169598928
4.464123041729324,451.71388654307884,413.51920383217606,473.2143928943333
4.4665484111767,443.53755877417825,411.1045051560458,472.9291834597765
4.4689881088357675,435.31292819712144,408.676396146772,472.6436842066073
4.471443741797476,428.7636524314821,405.78781260527353,472.35789082320434
4.473918970203182,423.0879110576043,402.23405824910884,472.0717991934655
4.476416281286626,417.3615337232641,398.64341971894777,471.78540529505244
4.478934067277431,411.5882070736352,395.71605677144254,471.49870528114275
4.481467215807624,405.80199887754134,393.8197770657844,471.21169542176665
4.484012585827186,403.2691496229936,391.92516874346205,470.92437212545065
4.486568947178118,400.72536310382293,390.43965997566,470.636731913085
4.489133312773906,398.1736117129594,389.4815110980824,470.3487714341778
4.491703995731369,395.61557403574716,388.5230381077286,470.06048744340205
4.494279342003926,393.55487734526105,388.0718207973477,469.77187678851476
4.49685609585166,392.05160225768986,388.0985550155954,469.4829364070324
4.499432655728007,390.5484403327923,388.1302536745441,469.193663342032
4.502007230049694,389.0464367780887,388.69760869130556,468.9040546559007
4.504576862286168,387.54731642993875,389.62498978007517,468.6141075466139
4.507140344493145,387.9706075963908,390.5649008561327,468.3238192117574
4.509695825652077,388.4646959014632,392.069470996726,468.0331869519424
4.512240601318359,388.95671435808435,393.8584950022436,467.74220808830614
4.514773876492346,389.44650925742155,395.63732198084114,467.45087999177906
4.517295979766639,390.5348900792724,397.35533928717905,467.15920006811336
4.51980729705855,392.50537431880275,399.043024252063,466.86716576831384
4.52230801647846,394.467543026155,400.7303876082464,466.57477456183767
4.52479776431027,396.4211029680978,402.56801908103665,466.28202393909055
4.527275996773106,398.36562747148946,404.463225857606,465.9889114117839
4.5297426585290035,399.9599094785881,406.3536064932307,465.6954344945541
4.532197542840423,401.43405164916976,408.35364631599316,465.4015906983486
4.534640298545975,402.9009106702779,410.39891080305495,465.10737754194133
4.537070952670748,404.3605027703038,412.42987607513857,464.81279250811053
4.539490488637282,405.813418488131,414.17860537873776,464.5178331004272
4.541900325393867,407.7802371960629,415.75612795314845,464.2224967888843
4.544301053116491,409.7416731016524,417.3275646916916,463.92678102199045
4.546693660825845,411.69647481652055,418.582350168615,463.6306832136311
4.549079932562874,413.64609993285194,419.54627298004266,463.3342007683111
4.551460734278214,415.45048008960293,420.50798620286747,463.03733109434074
4.5538367094602386,416.4380364718709,421.2523061188534,462.7400715468991
4.55620946275673,417.4242537014213,421.65051455305195,462.44241947372495
4.558579990051684,418.40954571001794,422.0438140773649,462.14437225666154
4.560948789921805,419.3941197273525,422.2656454462856,461.845927237305
4.563317689164235,420.25560284332664,422.0084164601355,461.54708177439056
4.565688113313937,420.75251193818485,421.7225377065171,461.24783326233387
4.568060411887342,421.2498139661752,421.34183465074744,460.9481790894745
4.57043619746179,421.74784696989923,420.48584935803615,460.6481166884447
4.572817015308716,422.2469348827045,419.5626315497857,460.347643520048
4.575203164638178,422.19907280853363,418.6089633575355,460.04675710332117
4.57759553076057,421.19894219348976,417.3852711607103,459.745455002124
4.579995122449818,420.1957909243097,416.0918679875432,459.4437348287854
4.582402201428197,419.1895095877817,414.79274663904727,459.1415942712715
4.584816936006844,418.18002782129724,413.4577838370906,458.8390310750983
4.587239528079831,417.17350253947507,412.10644588824675,458.5360430693165
4.589670086094742,416.1690791501969,410.75209350668786,458.23262817585385
4.592108512729139,415.1614040691654,409.4509852536903,457.9287844059444
4.594554622546365,414.15055392771956,408.1757831242132,457.6245098718209
4.597008397685677,413.13653610677693,406.89683386658487,457.31980279414756
4.59946984251296,411.73971606791474,405.6360303117973,457.0146615167258
4.601938918095682,410.2311364070324,404.38565537615153,456.70908448897603
4.604415648380218,408.7178798024602,403.13255869355146,456.40307032237445
4.606899498045184,407.200273330031,402.07055297743466,456.09661771480364
4.609389483128039,405.72699618080037,401.14816958856323,455.7897255207075
4.611885206931568,404.7250028418923,400.22362453277066,455.48239277103914
4.6143867330950314,403.7206799479284,399.2893927620211,455.17461860309163
4.616894143908717,402.7139944606695,398.3472686467887,454.86640235042626
4.619407500825278,401.7049217078545,397.402354857198,454.5577435020001
4.621927129055688,400.69866627477245,396.3668922269755,454.24864173574053
4.624453561326238,399.6959925475535,395.2648089580519,453.939096912972
4.626987060514763,398.69051414867613,394.1587421792469,453.62910908484116
4.629527934686626,397.6821088151969,392.97371609182727,453.31867850066976
4.632076652234877,396.6705906543807,391.73660702551916,453.0078056412475
4.6346334274765715,395.66614992823565,390.5007050119034,452.69649116288167
4.637197649183223,394.66017107719426,389.46443032033596,452.3847359294957
4.639768362787496,393.65164536692737,388.5307835392979,452.0725410471488
4.642345214604525,392.6407115527902,387.6111717435793,451.75990779820245
4.644927119339732,391.6320168869622,387.011211681315,451.4468377092021
4.647512614477472,390.6293391576021,386.5353047345427,451.1333324988732
4.650101221337353,389.6254546750579,386.08131833608354,450.8193941022745
4.652692045001849,388.62071049620795,385.87401449437874,450.5050247068706
4.655284032467797,387.61551498493054,385.7346801811221,450.190226681598
4.657876736161171,387.05532306656846,385.660841581132,449.8750026389765
4.660468453233092,386.5571173608025,386.02850509125665,449.5593554271826
4.663057428934812,386.0594386285594,386.4780410032273,449.24328810272755
4.665643113804418,385.56239249288876,387.01178981741197,448.92680395519494
4.668223967720497,385.4561049887105,387.9266035172314,448.609906539538
4.670798596434279,385.95102579983296,388.885617027513,448.2925995606563
4.6733666348841325,386.44467976469065,389.92029617336556,447.97488702529824
4.675927036114699,386.93686562708234,391.2094045951965,447.6567731136349
4.678478962259943,387.4274223240412,392.51450917428787,447.33826224658924
4.681022373531429,388.77784206248816,393.83319910487336,447.0193590777483
4.683557144515281,390.25662439789585,395.19506852531623,446.7000685142892
4.68608320219548,391.73032340245936,396.5548248618386,446.3803956626797
4.688600604589187,393.198972923321,397.91724149419167,446.06034588071464
4.691109362641715,394.6695075575708,399.2923373521946,445.7399247911419
4.693609508155477,396.15358618215123,400.66345102447934,445.4191382303719
4.696100648813133,397.63231955206857,402.1845024494538,445.09799231545753
4.698581290839156,399.10482096680244,404.062764783167,444.7764934097871
4.70105040890573,400.57048179494086,405.947438643375,444.454648117514
4.703507821831282,402.04442266506067,407.9213842401853,444.1324633314033
4.705952632139973,403.52101860077755,410.14403241202774,443.80994619068474
4.708384224113406,404.9896310377135,412.3683993811597,443.4871040958436
4.710802810914336,406.450388720114,414.5666240936738,443.1639447352803
4.713208782934249,407.9035274333396,416.70373255731243,442.84047603579234
4.715602490259453,409.77446929113785,418.82569024809607,442.5167062142706
4.7179842300410115,411.73166446949745,420.9017392505089,442.1926437428659
4.720354836844846,413.6797111210153,422.7682383513566,441.8682973700181
4.722715110113039,415.61926618739426,424.59521072263175,441.54367611043835
4.725065320580283,417.5505521449272,426.39621573987307,441.218789250598
4.727406279513607,419.5154604872264,427.95737825989596,440.89364635923334
4.7297389215959456,421.47711402932373,429.4420539381737,440.56825722706003
4.732063537251236,423.4320176850292,430.91775624953937,440.2426319822241
4.734381117239446,425.3810046416602,432.0528728206892,439.9167809896078
4.736693200888579,427.3253694091013,432.9687031071642,439.59071485385607
4.739000404229199,428.3854831705837,433.8826002740513,439.2644444748331
4.741303431717615,429.37076831832155,434.5400113584235,438.9379809450245
4.743604068395689,430.3550306255013,434.7846314342066,438.61133565450734
4.745903426282013,431.33874583781403,435.0234844359409,438.28452015038476
4.748201951851737,432.32210496701964,435.0995377412711,437.9575462610983
4.750501787345135,432.8773045905401,434.5282547033503,437.63042597408094
4.752804828451037,433.3742357968109,433.88919470464464,437.3031714920105
4.755111358555067,433.87191983030846,433.21468861916054,436.9757951851724
4.75742256622372,434.3706131501036,432.13511957980796,436.6483095932048
4.759739875293719,434.8706229799351,430.93657115041253,436.32072744536856
4.762063650058494,434.0969088898173,429.7337213181204,435.99306161389165
4.764394171738148,433.09408601326413,428.44516903577073,435.6653251006451
4.766731868690596,432.0881756186818,427.09983364886034,435.3375310358332
4.769076952607952,431.0790866150087,425.7502470931285,435.0096926748479
4.771429866226166,430.06662849307895,424.2623130493557,434.68182335194035
4.773791578446778,428.61972635093434,422.58423992907274,434.35393648436013
4.776162709834103,427.1112109284636,420.89832739849936,434.02604555108235
4.778543685879786,425.59643232756207,419.09718582501677,433.6981640644359
4.780935705978967,424.07462749221486,417.0213436499286,433.3703055588559
4.783339728797737,422.5393864837297,414.9228084377523,433.04248357310746
4.785755985881508,420.53075467553253,412.80908137042167,432.71471163505134
4.78818472957134,418.5117427656992,410.66749025695816,432.38700323515013
4.79062621070747,416.48214223102013,408.5130490689126,432.05937183690605
4.793080647054534,414.44177204399784,406.34376185992306,431.73183084971754
4.795548308805545,412.40233734310414,404.1460488640201,431.40439359455036
4.798029470444714,410.3868604654722,401.9340665759707,431.07707333747635
4.800524137172431,408.36041324505095,399.7820059578787,430.7498831888007
4.8030310847351,406.32399015748206,398.0048938602252,430.4228362217218
4.8055490941501535,404.2785813966889,396.2770703725341,430.0959453444249
4.8080785646464586,402.55723221945755,394.4066694165795,429.76922335029974
4.810622261033554,401.0385556472902,391.8589436021793,429.4426828769539
4.813182904424391,399.50976111541604,389.20378442851245,429.11633641793435
4.81576041947173,397.9708936087977,386.74515970995293,428.79019630173593
4.8183516431994935,396.3444082518927,385.0944642745173,428.46427469046284
4.8209537466510515,393.81424702142976,383.517719636707,428.13858357005324
4.823565859213341,391.2743534093015,382.1485171740476,427.8131347664196
4.826185468886047,388.7271699647472,381.32489201487834,427.4879399093385
4.828810652843808,386.1745663513966,380.5273149728668,427.1630104367339
4.831440346109528,384.61692207844317,380.01800146543275,426.83835762146646
4.834071975502422,383.6138882088055,379.96743351078186,426.51399253518537
4.8367039343397975,382.61072877286483,379.922872703894,426.1899260576282
4.839335053090403,381.60788953227006,380.2101639481098,425.86616885868943
4.841963153413502,380.83609,380.7962438544921,425.5427314583153
4.8445872022456244,380.83609,381.3851490818014,425.21962411798427
4.847206644164311,380.83609,382.1370061868048,424.89685696168624
4.8498206431520705,380.83609,382.9751493250972,424.5744398830517
4.852428905656192,380.83609,383.8197662184202,424.25238258948144
4.85503099851076,381.62163044013437,384.79354699521343,423.9306946113244
4.857626371064162,382.6108451762293,385.8100711931484,423.6093852979998
4.860214822831424,383.59742208538614,386.8539884740051,423.2884638081586
4.862795423821071,384.5810067054797,388.1614828659086,422.96793916312987
4.865367154754171,385.56469680449095,389.527249130737,422.64782022092675
4.867929820591218,386.55279541541745,390.9125070601027,422.32811570060176
4.870482949536521,387.5372168440333,392.44300585532494,422.0088341793082
4.87302607683838,388.51778189393144,393.9933518750525,421.6899841641905
4.875559233799358,389.494502634582,395.5383230768071,421.37157403340996
4.8780825232537985,391.2226626408178,397.08083962901384,421.05361211888
4.880596046785824,393.19487798831597,398.6178826608819,420.73610666721976
4.883099918580591,395.159520180398,400.1479899250751,420.4190658827622
4.88559426741006,397.1166902569116,401.6673607559649,420.10249798023324
4.888079218279291,398.9588559525564,403.1803698818497,419.78641111731025
4.890554413608017,399.9468831470044,404.84007804146194,419.4708134840619
4.893017165964984,400.9299434629463,407.2666899543063,419.15571329501466
4.895465008965614,401.90705239018644,409.7869482069523,418.8411187788512
4.897897923674152,402.8782023701135,412.27984474422124,418.5270382427746
4.90031644224512,404.2180937318858,414.6796281389953,418.2134800418163
4.902721085176205,406.1714135600073,417.0514527416102,417.9004526024083
4.9051122264766125,408.11376585420703,419.37567209956575,417.58796448274626
4.9074912810561155,410.04629996239146,421.29880573143646,417.2760242995559
4.909859830490671,411.9703006173718,423.1037255273251,416.9646408116174
4.912218341290397,414.16156193149527,424.8927738907276,416.6538229369029
4.91456778674194,416.6100179925197,426.37451485911026,416.3435796947762
4.916909507960033,419.05042430452977,427.70017299986984,416.03392027948496
4.919243993328836,421.4832898332288,429.0217348961768,415.72485402985734
4.921571947480774,423.9093489057459,430.10307508141386,415.41639044696365
4.923894745402482,425.549958879898,430.9282778093625,415.1085392169956
4.926213103983947,426.53608997539413,431.7518264092211,414.80131018365535
4.928527521022774,427.5205445063625,432.3971501108915,414.49471336466144
4.930839644173967,428.5040233151349,432.60872927942444,414.18875896801256
4.933150689797107,429.48704378932234,432.8004509347397,413.8834573385595
4.935460905893018,430.2123084910047,432.91944484671444,413.5788190493289
4.937771630706731,430.7080236479185,432.60995261853844,413.2748547995806
4.94008419769364,431.204134002551,432.2300270637524,412.97157551841457
4.942398843850658,431.7006903973745,431.83311103613397,412.66899226872886
4.944716526988055,432.19789830950367,431.098244054303,412.36711629753574
4.947038526513211,432.18608779236365,430.22925153277146,412.0659590015136
4.949365226063696,431.6869456072295,429.3583358061753,411.76553194159123
4.951697069756543,431.1866998595583,428.33331078854235,411.465846840217
4.954034872758248,430.6851756733174,427.1723420603859,411.16691550957273
4.956379046825573,430.1822847151552,426.0082094182059,410.8687499420126
4.958729946903533,429.4102086228763,424.73169298258307,410.5713622406519
4.961088499634146,428.406980646575,423.24855026999626,410.27476458999666
4.963455359143227,427.4002193201627,421.7556567855533,409.9789693276032
4.965830823406272,426.38979789754285,420.18794360948306,409.68398884521935
4.968215845779094,425.3753108617161,418.3825007011388,409.3898356723803
4.970611258657437,424.0427015902733,416.5506523485231,409.0965223653406
4.973017373134164,422.52951049576495,414.6692524149646,408.80406158513716
4.975435111371203,421.00900928747797,412.55555924898266,408.51246603289394
4.977865400139951,419.48061512438926,410.3975721573036,408.2217484333307
4.980308534464541,417.94414246757424,408.2287383811851,407.93192153102524
4.982764705490816,415.57529598850306,406.0526217353419,407.6429980870483
4.985234108368792,413.0460403999441,403.8656788078938,407.35499082696657
4.987716814762937,410.5031588482361,401.71257720412723,407.0679124171842
4.990211610297712,407.9478951426172,399.96015667971454,406.7817754801169
4.992717075436792,405.5626739590916,398.2982733991803,406.4965925429037
4.995233184296218,404.0517668429393,396.58359315876044,406.2123760651429
4.997761499873169,402.53352967176806,394.4625866492267,405.9291383280822
5.000303785006088,401.00690387248096,392.23752551640007,405.646891560496
5.002860535102814,399.47159195587074,390.011859422037,405.3656478023261
5.005431680813203,397.6455793809455,387.85745140934415,405.08541896380575
5.008017134600587,395.61692455644925,385.7071213166109,404.8062167638385
5.010616606279134,393.5772707101669,383.6853007740136,404.52805279014456
5.013227584187985,391.5285885959138,382.31367837006036,404.250938357337
5.015847672499323,389.4788097180517,381.0215580912994,403.9748846199755
5.018475976461225,387.46363632327575,379.9270106359196,403.6999024880387
5.021109835442555,385.4442037836211,379.4154302317262,403.42600262514816
5.023747120820122,383.4221441572081,378.9404161626916,403.1531954818016
5.026386546885119,381.3984432227812,378.80009989297736,402.8814912502297
5.029024956856428,380.47618933968135,379.2324547062246,402.61089980905405
5.031660328572919,379.97829248823825,379.67402690739533,402.34143082881627
5.0342922173062075,379.48105367162157,380.23693442571715,402.07309365583995
5.036919812116285,378.9846260995189,380.9160349637746,401.8058973807575
5.039542724984658,378.95061286795885,381.5956034043463,401.5398507678501
5.042160669038079,379.94268513465227,382.3634344955687,401.2749623309895
5.044773193267357,380.93270355408526,383.18057703132854,401.01124026688325
5.047380109479523,381.92059681036153,384.0103016002094,400.74869245754957
5.049980546939027,382.90603493745743,385.0925865106886,400.48732650519497
5.052573382801183,383.46910120007385,386.2653897790236,400.227149712979
5.0551581806755745,383.96311596281294,387.4914449099508,399.96816907509816
5.057732979937854,384.4552197591129,389.27222012318686,399.71039129274055
5.060295589122757,384.944993749186,391.18702843116,399.4538228016396
5.062845764413602,385.9559706488117,393.077342082911,399.1984696969502
5.065384079159635,387.9247605888436,394.851001932355,398.9443378412878
5.067911109335279,389.8847978914432,396.59570833741554,398.69143282297784
5.07042711676618,391.836285636115,398.31823615488594,398.4397599038362
5.072932572776128,393.7795893951484,399.9429494782684,398.18932416489935
5.0754279400497815,395.37504342148804,401.54547937457613,397.9401303652687
5.077913071104813,396.8502095099225,403.2446387273662,397.6921830362097
5.080385780215991,398.3180019710021,405.59164163596705,397.445486456804
5.082843915363272,399.7771433723037,408.0406446645057,397.2000446556685
5.085287195160416,401.2525506877746,410.53880323323756,396.95586140724384
5.0877142172115155,403.2126939698401,413.52717533012975,396.71294025640145
5.090123511878066,405.15852002981137,416.6026880192091,396.4712844821431
5.092515245111119,407.090162895247,419.62187249908766,396.23089711571555
5.094891234744173,409.0090907086051,422.14017600936097,395.9917809341246
5.097253565322847,411.1250477997037,424.4878943704333,395.7539384816014
5.099602917380915,414.05464934493375,426.8170278365662,395.51737201078765
5.101940514138319,416.96959223273916,428.76697404474595,395.2820835470625
5.104268120610721,419.8720774072435,430.4882521003505,395.048074816561
5.10658645715041,422.76300313534466,432.2026749886419,394.8153472675197
5.10889606485484,425.44500803270057,433.74800807649956,394.5839021034954
5.11119807520026,427.41473974099154,435.0597987308635,394.35374019444515
5.113493169457057,429.37855364831194,436.36606453278205,394.1248621295431
5.115781879738654,431.33690506133826,437.48997765411764,393.89726824221077
5.118066353571594,433.29163152660203,437.9854213977415,393.67095856131886
5.120348386857613,435.02177744997243,438.4262059676512,393.4459327945333
5.122628251761025,435.5165572267108,438.8189316028448,393.2221904035383
5.124907482145266,436.01119929912625,438.67027318751025,392.9997305044056
5.127187882174379,436.50609520966486,438.36893509610655,392.7785520130795
5.1294698543638155,437.0013323128471,438.06603993776497,392.5586535174076
5.131754212070845,437.46579,437.45401157390063,392.3400333227304
5.134042389727404,437.46579,436.6048195177434,392.12268951651464
5.136335026565292,437.46579,435.75397256329376,391.9066198432883
5.138632459813646,437.46579,434.78382665494684,391.6918218307348
5.140935684459969,437.46579,433.56565857765645,391.47829266910173
5.143245419299724,437.4547886978553,432.33634740849203,391.2660293420493
5.145561751653406,436.4522956171045,431.0993774320469,391.0550284609018
5.1478848056264415,435.44689346465566,429.8381278998314,390.84528639771855
5.150214703875374,434.4385291555809,428.5703298488554,390.6367991989021
5.15255154018497,433.4271621004632,427.28956526358996,390.4295626476367
5.154895739807976,432.39899405381175,425.8824175547497,390.2235722056882
5.157247816853386,430.8939341902683,424.43233736579464,390.0188230280405
5.159607967461043,429.3837081717643,422.9737218394018,389.81530994715234
5.161976893910484,427.867866619848,421.29390752495783,389.6130274815845
5.16435566591236,426.34572504224434,419.4799488875484,389.41196982463816
5.166744769414075,424.8203223267792,417.65811185205433,389.2121307768197
5.1691449236338745,423.31087960242985,415.6266289767108,389.0135038252382
5.171557466022216,421.7936460325086,413.38043533005344,388.8160821171802
5.173983189709453,420.2681228220513,411.1219665552205,388.61985837771357
5.176422523868794,418.73404006657665,408.7805885224342,388.42482499937296
5.178876225118682,416.8642790631966,406.32198216485176,388.2309740204401
5.181344867488875,414.3358024154004,403.84747853362273,388.0382971148088
5.183827724330974,411.792766769222,401.68203059661033,387.84678559865694
5.186322290710681,409.23773777286897,400.0637815146261,387.6564304837309
5.188826958018837,406.67236302453057,398.4487295662936,387.46722242806743
5.191341542686713,404.80937447930773,396.91420661134015,387.2791517885217
5.193865409000681,403.29380906181586,395.52323398100594,387.0922085638553
5.196398174442452,401.7728997755662,394.12992286926556,386.90638247804696
5.198939672992569,400.24674631416974,392.80958964816875,386.72166294421794
5.201489357261616,398.71794029437524,391.60311413691505,386.53803909451653
5.204046917108444,397.20852618859817,390.39414108503104,386.3554997161797
5.206611072364404,395.6952196211887,389.59065807070914,386.17403334936455
5.209178900767938,394.1797452449714,389.2777118436657,385.9936282329785
5.211748790708164,392.66305419632135,388.9658579835495,385.8142723444848
5.214319719026461,391.715466112178,388.96326037756484,385.63595338681034
5.2168897650072426,391.2156840353314,389.23302688610084,385.45865880783623
5.219458020011939,390.7162502393147,389.5059386675116,385.28237580396336
5.222023453859968,390.2173650574275,390.08973208576646,385.10709132087015
5.2245843880045575,389.7560650929827,390.8760853744282,384.9327920803758
5.2271401579898775,390.2530709990082,391.66775009703224,384.7594645751309
5.229689903253896,390.7489053120945,392.72576046015513,384.5870950542073
5.2322323538804465,391.24332107894054,393.9186598118887,384.4156696118978
5.234767123370837,391.7362431393659,395.10951944005814,384.245174073125
5.237294148839256,392.4639207379057,396.33672184894505,384.0755941216198
5.239813318509882,393.4522250659836,397.57760206808047,383.90691521954835
5.242324646044976,394.4374528182441,398.81586197974457,383.7391226625398
5.244828115449717,395.419597719703,400.0774593650615,383.57220152085904
5.247323680727163,396.3986417251383,401.3461821692105,383.40613671471374
5.249811339667428,397.3841657868743,402.6245810721619,383.2409129744583
5.2522901542869125,398.3679413357286,404.2158189032702,383.0765148115363
5.2547588460252594,399.34769938247973,405.93352447227323,382.9129265973023
5.257217130201237,400.3233269447237,407.6456691316359,382.75013248235837
5.259664969137594,401.3662515537826,409.4053414862864,382.5881164169782
5.262102253648964,402.8383021218292,411.18387814387495,382.4268621801092
5.264529048674749,404.3040173387335,412.95214736352654,382.26635331334984
5.2669461379855225,405.7638705796435,414.4922170261708,382.10657317343527
5.26935468798404,407.21856631867104,415.885242358968,381.9475049196283
5.271755197240502,408.8481160100737,417.2736169119098,381.7891314244512
5.274148345196695,410.814685858395,418.4473588358186,381.63143539502886
5.276535393338351,412.7762431828087,419.40865161010413,381.4743992818379
5.278916982787824,414.73331482574395,420.36774610374613,381.3180052651211
5.2812935761305795,416.6862809169088,421.1737151603314,381.16223528524716
5.283666354257045,418.18140331880863,421.7204514560014,381.0070710033252
5.286036072351056,419.17206590705587,422.2621424820534,380.85249381128494
5.28840323595266,420.1616605876618,422.6310368117758,380.6984847938478
5.290769773716441,421.1509936362538,422.4854409257633,380.54502479454425
5.293137223667136,422.14070802533183,422.3054237043929,380.39209429647843
5.2955058859694715,422.5641,422.0530889666046,380.2396735208467
5.297877078601212,422.5641,421.40482106147107,380.08774232283133
5.300252094291055,422.5641,420.6954764932666,379.93628031252496
5.302631222228565,422.5641,419.94934299687543,379.78526672794266
5.30501569534887,422.5641,418.8119166186541,379.6346805509624
5.3074069696458,421.8755829919237,417.5640919221694,379.4845004346813
5.309805448475277,420.87289695468144,416.29967787854946,379.33470470987436
5.312212182146212,419.866759974213,414.7051763288967,379.1852714428847
5.314628622784828,418.85656498796243,412.9621118804709,379.0361784113398
5.317055320887923,417.8420818602931,411.2067741553793,378.8874031210422
5.319493458070479,416.3980445264133,409.0970396234083,378.73892277263883
5.321944878264153,414.88284936499986,406.76324032731833,378.59071436935665
5.324410446570955,413.35890941450134,404.4155645226233,378.4427546636914
5.326890643490783,411.8259276833505,401.9793785806859,378.2950201647895
5.329386137583979,410.1256846270044,399.4729535759965,378.1474872289477
5.331897396402992,407.59774464691327,396.9483796449675,378.0001320079685
5.334426019865079,405.0523246782459,394.00673637726135,377.8529304897415
5.336974628759061,402.4867865234619,390.74861765092464,377.7058585450537
5.339544754638588,399.89958845549154,387.43747270011806,377.55889191132906
5.3421420088366975,397.3295567462892,382.63645468166993,377.41200627151136
5.344775255813714,394.7542774921312,376.9250692356327,377.2651772062788
5.347448625092898,392.1397591793866,371.2377802084463,377.1183802605485
5.350157488595772,389.49052800502886,367.1023910863271,376.9715910029153
5.352895170112976,385.9392215071075,363.46092622504983,376.82478500818564
5.355659516021843,379.7606964914139,360.05357759722335,376.677937901706
5.358445488155166,373.533835206239,357.8355456408008,376.5310253958666
5.361248251241637,367.2694448536131,355.752077657622,376.3840233049293
5.364068030091815,361.3602148192699,353.5303624174319,376.2369076428763
5.366906401097623,359.34140938399605,351.10748876222976,376.0896545181445
5.369764408537636,357.3086374376421,348.68911002174394,375.94224034674613
5.372640411296766,355.26306623144137,346.7260563088751,375.7946417200422
5.375532006570232,353.20822427599796,344.93829245869006,375.64683554619774
5.378437814225357,351.18865792149836,343.34221072707095,375.4987990097676
5.3813544063733705,349.16159623297426,342.39091462575306,375.35050968125705
5.384278894457256,347.1290467874069,341.49064294370964,375.20194547257177
5.387209268269066,345.1557747134293,341.01646836976255,375.0530847127473
5.390142455704483,344.1540065687659,340.83567529468087,374.9039061495968
5.393076956498346,343.1517898742968,340.71127497867104,374.75438901415964
5.396011295108078,342.14962857038813,340.8733609837272,374.6045129758116
5.398944067312837,341.25185,341.07533321998625,374.4542582545288
5.401874837953514,341.25185,341.3391386342055,374.3036055631079
5.404803064944046,341.25185,341.66817966431734,374.1525361602195
5.407728377566291,341.25185,342.01961262008325,374.0010318614815
5.410649886960153,341.3199392796881,342.55844941871527,373.84907504632463
5.413566630492605,341.81657704472934,343.1382557372323,373.69664869251153
5.416477943252277,342.31229010493234,343.8377714994424,373.54373635294064
5.419382473217098,342.80684824971763,344.7429905023165,373.3903222025787
5.422279331800972,343.30051373125525,345.66128029706397,373.2363910092323
5.425167558543279,343.7951443283034,346.8070242114306,373.0819281584293
5.4280459099461495,344.2880836990465,348.03734690779623,372.92691969418416
5.430913872715472,344.77924393799935,349.32414999788836,372.7713522396113
5.433770493690479,345.3731814015091,350.80687457128187,372.6152130523666
5.436615028264941,346.85162640903127,352.29901331331286,372.4584900501939
5.439448312073362,348.3242238381713,353.59806886932466,372.3011717155334
5.442271886047122,349.7917745870186,354.7258811922813,372.1432472003808
5.445086573050507,351.25476605104086,355.8344281588326,371.9847061900071
5.447893175814267,352.73899235464296,356.77210408680475,371.8255390030197
5.450692598178712,354.2194214206488,357.6621053259666,371.66573652017894
5.453485528983546,355.6964175307512,358.432368107263,371.50529015221707
5.456273829770981,357.1709651313249,358.8506054480292,371.3441918627369
5.459058974996772,357.8134968031495,359.2450201706624,371.18243415717706
5.461841635821885,358.3097140158345,359.4915995961698,371.0200099874408
5.464622959190367,358.80569272694015,359.59056846442485,370.85691286823715
5.46740358743558,359.30154748038353,359.6713568484784,370.6931367426976
5.470184677594689,359.4614,359.4711522338305,370.52867602082887
5.472967689338763,359.4614,359.1748772661369,370.3635255674565
5.4757533662510385,359.4614,358.7836860349193,370.1976806422709
5.478543556060686,359.4614,358.0142527993643,370.0311369100935
5.4813399092829975,359.20641182738564,357.2038932965377,369.86389043010826
5.484143667748025,358.7064323839687,356.12594310727354,369.69593756736793
5.486957345563577,358.20468407514636,354.6903935661759,369.52727509714066
5.489782541169863,357.70088185951556,353.228211393759,369.3579000043943
5.492621020334999,356.8087932720059,351.37931067970993,369.1878096214345
5.495475124289554,355.2994467348817,349.3717645097467,369.01700154107493
5.498345432257659,353.7815309682792,347.42302740357667,368.84547357347213
5.501230867878601,352.2556151880867,345.71741064095795,368.6732238047334
5.504130511624728,350.55992957317585,344.0266382705818,368.50025048930434
5.507043675238139,348.5469134428304,342.5155387292766,368.3265521132251
5.509969071876283,346.52544420810136,341.15514471442043,368.1521272164449
5.5129059813002685,344.49601955902517,339.8353874940417,367.97697456949965
5.515853057399348,342.8507475067529,338.80491363316736,367.801093060052
5.518808895891455,341.84705575789826,337.82346550142535,367.62448173096305
5.521773035103125,340.84054539640374,336.90991357434143,367.44713977841155
5.524744847134627,339.8314296334379,336.0811812784118,367.2690665277767
5.527724062756937,338.82516003568753,335.237518764839,367.0902614146798
5.530711281397347,337.8224657498786,334.28296372049493,366.9107240215968
5.533707163921518,336.8168633318626,333.30139834301417,366.73045407515497
5.536711636410002,335.80837759355086,332.3741530987061,366.5494513575355
5.539724160099867,334.80398921881874,331.5221345105587,366.36771582063153
5.542744240693159,333.80190514750734,330.712837415246,366.18524754477784
5.545770096734309,332.79790474180527,330.2574540125165,366.00204670067944
5.548799776469572,331.79263560739014,329.8785450641854,365.81811363250273
5.551831864650513,331.16505852981913,329.73291019207755,365.6334487807349
5.554864015798598,330.66635715696987,329.8648414824933,365.4480527465555
5.557894733027453,330.167891622459,330.04500759024626,365.26192627479435
5.560922382798756,329.66993059620575,330.533740231991,365.0750702764994
5.563945310258925,330.08237374612565,331.07702447906763,364.8874858144124
5.566963061351281,330.57870672531294,331.6686867399644,364.6991741113598
5.569975217002812,331.07411941593784,332.30824106643115,364.5101365942906
5.572981592789226,331.56876416702255,332.9451988138738,364.3203748318724
5.575982263399658,332.0651490043167,333.57306807871197,364.12989063039845
5.578977302162176,332.5606021952311,334.19850786797707,363.9386859625434
5.581966144273062,333.0550303073178,334.95780783821675,363.74676294055257
5.5849476456614555,333.54876861535183,335.8463436650274,363.5541239655377
5.587921276825751,334.0435285912407,336.7331952297771,363.36077156951626
5.590887078790303,334.53698592585954,337.6218348450994,363.1667085000186
5.59384509189881,335.029147331691,338.50885451747683,362.97193772393257
5.5967943098300585,335.65261261300884,339.63891222642354,362.77646236030125
5.59973249819864,336.63884932429323,341.05558795816336,362.5802857874576
5.6026584295027915,337.62097181096146,342.4904714729997,362.3834115378509
5.605571234772096,338.59868839310093,344.13678745526073,362.18584334295764
5.608469950664941,339.7205517840234,345.828042128351,361.9875851459923
5.611354224642051,341.1938965673248,347.5918465766695,361.788641049507
5.614223286886059,342.6594708933849,349.5052878327394,361.5890153079728
5.617076729640344,344.1170664719739,351.4075757102299,361.38871239217957
5.619915501404135,345.69343056115986,353.12666446024843,361.1877368785437
5.62274086091005,347.65708462045313,354.7515840652648,360.98609350741106
5.625553546385528,349.6119300975947,356.316076810683,360.7837871971253
5.628355010998121,351.55897695905287,357.59851083471744,360.5808229557293
5.631146617583466,353.4491591267624,358.8369592661678,360.3772059181178
5.63392912761365,354.9291692615334,359.9402204162003,360.1729413960765
5.636704001037194,356.40511750430824,360.8144364891311,359.9680347183499
5.639472187570949,357.8775090071067,361.68126765850883,359.7624913719685
5.642234053458904,359.34653857419244,362.46770989155374,359.5563168861082
5.644990113033387,360.37521496219347,363.2067613479901,359.349516907345
5.64774072086853,361.3647561998639,363.9059239444912,359.1420971235181
5.6504872522535825,362.352830919692,364.2854793093151,358.93406330635463
5.653231192145554,363.3399733403976,364.5935909780328,358.7254212650788
5.655973566146245,363.63814,364.7015537855338,358.5161769126912
5.65871738135737,363.63814,364.2108373747501,358.30633616493054
5.661465050320432,363.63814,363.67927366343605,358.0959050179019
5.66421727625079,363.63814,363.0058779322759,357.88488953461234
5.666975246064527,363.4026785566283,362.16619304493366,357.6732958243112
5.669739627823301,362.9039945638999,361.3238620682557,357.46113002673405
5.672510508948495,362.4041381101009,360.4692115653979,357.24839835199924
5.675287992107238,361.90309067447026,359.6081913391478,357.03510709294903
5.678072204275412,361.40165226090767,358.72894518669074,356.8212625605718
5.680863577359913,360.90099870115057,357.76560960323076,356.60687118098605
5.683662531865144,360.3989853571004,356.788248980639,356.39193938234257
5.686469387210666,359.895554938479,355.7544238706784,356.1764736966569
5.6892847790907295,359.3210079184812,354.62804274736294,355.96048075071855
5.692109184794697,358.3165874586732,353.4873625548257,355.743967181394
5.6949439517397735,357.30848231484697,352.04097343755166,355.52693973440927
5.697791005744634,356.2960076237491,350.44318848653387,355.30940522676445
5.700651149659748,355.2531573055153,348.82606354563626,355.0913705447379
5.703524844433595,353.7422027510388,347.14612914707106,354.8728426365915
5.7064125427421235,352.22388530447734,345.4511454998418,354.65382854390657
5.709313677455995,350.6985031556951,343.9376066817035,354.434335356857
5.712226722063859,349.14803882551905,342.63177491226816,354.2143702502103
5.715150806299803,347.1391148791017,341.3454679338351,353.99394047412727
5.718084966603893,345.1232684048264,340.2822071819216,353.7730533267898
5.721028080839435,343.1012703405636,339.27157953267925,353.55171618226933
5.723980229118372,341.1639949909852,338.2028520202377,353.32993647412513
5.726942160018851,340.164028240182,337.03436867431844,353.10772167274274
5.729914483140638,339.1605530092272,335.8420977604344,352.8850793178527
5.732898523900689,338.15312182890807,334.39316637994807,352.6620169885577
5.7358959189956,337.0497596566988,332.8564104863903,352.4385422727781
5.73890679919546,335.5468688205383,331.4043452932949,352.21466283366254
5.741930108904041,334.037773753882,330.1247983510214,351.99038634940115
5.744964929008852,332.5229332347785,328.8951415536341,351.76572049285915
5.7480082126707615,331.1867008443894,328.29029244652804,351.54067301471053
5.7510562341463265,330.1869629271114,327.8733283303983,351.3152516225306
5.7541070785161565,329.1862991126716,327.6829460106587,351.08946405705416
5.7571580373130615,328.18559776664415,327.8487281444664,350.86331808592655
5.7602073724681055,327.72904,328.03199813436595,350.63682145205775
5.76325448660611,327.72904,328.3268755715637,350.40998189030915
5.766298749683611,327.72904,328.64672465083504,350.1828071309519
5.7693392642408625,327.72904,329.13703977389207,349.9553048758043
5.772374328675944,328.0911370954225,329.82827825492893,349.7274827887324
5.775402967949839,328.5863939631463,330.53504338100583,349.4993485497921
5.778424661192538,329.08051498425993,331.3465062965336,349.2709097445176
5.781438887095106,329.5734149119554,332.17480276587304,349.04217395060755
5.784445756316219,330.06764470657924,332.96980782823596,348.81314865625814
5.7874456047522544,330.56103321537285,333.73141143618204,348.5838413888515
5.790438394676524,331.05326080265036,334.5423383450767,348.3542595311934
5.793422566739032,331.55831732894376,335.662174616029,348.1244105028604
5.796396584286509,333.0428080499264,336.8308447120667,347.8943016260581
5.799359295374398,334.5216551141125,338.2294380693704,347.6639401881179
5.80230869476428,335.99385760009545,339.87873478552405,347.4333334275251
5.805243565418188,337.46102021927027,341.5865825686971,347.2024885725176
5.808161569413587,338.94300935266483,343.82072087293346,346.971412790421
5.811060247298382,340.4151831856175,346.156920129899,346.74011322954516
5.813939486722425,341.8774846579945,348.478728417308,346.5085970686414
5.816799659231178,343.36666590451796,350.78741551410525,346.2768714383008
5.819641204761974,345.33019344628474,353.06225720156374,346.04494347719776
5.822466721833051,347.2826452119393,354.77694036351625,345.8128203922088
5.825279640135858,349.22639114190633,356.23139827864367,345.5805093907815
5.828081339795373,351.16238491205513,357.6237080066139,345.3480177181404
5.83087326486045,353.1346403413809,358.7296037550376,345.11535271177894
5.833656758176572,355.1030112552162,359.79354612201695,344.88252174413896
5.836432542029586,357.06593035680726,360.72485419201416,344.64953229241956
5.839202025816967,359.0243943135356,361.4320789017147,344.41639186070427
5.841966118998885,359.8463224320534,362.13320861478957,344.18310817016663
5.844725088008236,360.3411640795067,362.7758298467137,343.9496889665811
5.8474793058067664,360.8351535619005,363.38366356075227,343.7161421308148
5.8502291055106035,361.328350626094,363.942467785642,343.48247566973026
5.85297621898617,361.82267204518826,364.09447170446794,343.248697744472
5.8557225331561185,362.3180967133658,364.15433369370356,343.0148166289181
5.858468917727997,362.8135340817846,364.07580702833275,342.780840725509
5.86121747118184,363.3093627082901,363.58001705077413,342.5467786337117
5.863969885280042,363.63814,363.05521003085124,342.3126390207133
5.86672677775031,363.63814,362.3998643624914,342.07843075703994
5.869489239239889,363.63814,361.59302800472324,341.8441628706385
5.87225787137313,363.63814,360.7862547460744,341.60984445657914
5.8750325330088105,363.50052234976556,360.0231642463427,341.3754848628984
5.877813016113791,362.5002333744087,359.2770710937406,341.14109356800486
5.880599363836499,361.4978345813556,358.50925264233865,340.90668010500485
5.883392077179469,360.4931457331113,357.6412049131972,340.67225427096935
5.886191637185483,359.4859937727738,356.7578626147965,340.43782592231395
5.888998482748407,358.48753562298543,355.7871161692231,340.20340505551985
5.891813551274073,357.48643566805777,354.6768976312317,339.96900178939677
5.894637514463769,356.4821725760057,353.5494262861987,339.73462630725777
5.897471939942083,355.4741888652311,352.06406678505857,339.5002889269907
5.900319046182093,354.47170061629413,350.40747938527676,339.26600002652214
5.903179537098303,353.46613334704625,348.7770084274926,339.03177005622706
5.906052838861042,352.4560625962854,347.2895028094834,338.79760945546724
5.9089384258652355,351.44167313343496,345.81351815040074,338.5635287670471
5.911836321897384,350.0265932160064,344.34548923272655,338.32953849386945
5.914746559132157,348.5139992932318,342.8868046085216,338.0956491664469
5.9176691217823825,346.9949992437373,341.44714842841057,337.86187125694414
5.920603066074234,345.4700835933604,340.23122185371676,337.6282151971055
5.923547293487914,343.9617653828345,339.0661293494693,337.3946913858192
5.926501896385922,342.4524951813719,337.84598614291605,337.1613100590386
5.929467593538336,340.93755781306436,336.5342570110441,336.92808135604076
5.932444931698309,339.4166739854759,335.2093183554993,336.695015316028
5.935434477511089,337.9135521702656,333.7916291388074,336.46212180073917
5.938436898409607,336.4062049899194,332.34065438402934,336.22941046999125
5.9414522859658705,334.89234797779045,330.92701777615736,335.99689089514555
5.944480237185928,333.4014894708482,329.5883175520915,335.76457231188454
5.947520378279629,332.3985597549504,328.2784941120446,335.53246390165594
5.950570971139781,331.39218204541226,327.3331361918285,335.3005745332712
5.95362991111789,330.3830506568888,326.4892161197771,335.06891289902046
5.956695665336837,329.3746102556588,325.8793708358069,334.83748747225275
5.959765576548701,328.37349132032386,325.6053841653581,334.6063064087724
5.962837924472947,327.37157775650076,325.36264660579616,334.37537772970677
5.965911612659857,326.3692271239029,325.3214457285177,334.1447091456424
5.968985506035086,325.84146,325.31920958533493,333.9143081469158
5.972057825509243,325.84146,325.65493186163826,333.68418200197016
5.975125533263091,325.84146,326.29828796336494,333.4543377614777
5.978187080803183,325.84146,326.96679062844225,333.22478219410596
5.981241833072151,326.183180764025,327.75172615485127,332.99552191151673
5.984289210976139,326.6786303405978,328.55117772492133,332.7665632560573
5.987328293149961,327.1727311786393,329.5437454191519,332.537912426294
5.990357675948597,327.6652550703749,330.6586246100964,332.3095753990514
5.993376572968529,328.59054462199356,331.8370866484266,332.08155798449144
5.9963837118267165,329.57687321683807,333.2499345049452,331.853865790958
5.999378047401631,330.5590023899081,334.68094036025786,331.62650433401456
6.002358763625687,331.53666447455,336.3026530854193,331.3994789704794
6.005324663839142,333.0168917864494,338.0333088731315,331.17279483981326
6.00827488324383,334.4895035855425,339.8874443230299,330.94645710443416
6.011206861189693,335.95301009997183,342.2541379633518,330.72047069678956
6.0141184762732,337.4330754676903,344.65825996130246,330.4948405087434
6.017009615514376,339.396549976153,347.11932195136706,330.2695713106607
6.019880142784739,341.34602616911343,349.62580350962077,330.04466788752654
6.022730429213028,343.2817560931712,352.0665522550988,329.82013487293705
6.025562676038901,345.20523468772535,354.0924033322284,329.59597693760344
6.028379161547544,347.6558701572085,356.0176594638067,329.3721986804086
6.031181220702558,350.0972649591231,357.7473377573686,329.1488047719353
6.0339714837091085,352.5283819424958,359.03327846427237,328.925799804515
6.0367518626251915,354.9508870566124,360.2953515644272,328.7031884504236
6.039523582849272,356.5810485849215,361.27954020289576,328.4809754450921
6.042288576655337,358.0602631136717,362.05020684885693,328.25916551500427
6.045047718541321,359.53634698614815,362.81364618333583,328.03776343927325
6.0478013126782315,361.0094629275527,363.5104747366962,327.81677410584905
6.050549708579101,361.8593807965608,364.18735430800405,327.5962024666956
6.053293226188168,362.35430097575363,364.8042970762403,327.37605346336426
6.056032938427218,362.84853468061715,365.1995908972008,327.15633223986515
6.058769767393061,363.3422482539213,365.57333942036826,326.93704391752425
6.061505313401158,363.8368747578761,365.54212993200525,326.7181936773635
6.064243422785519,364.3336800603256,364.8894621154164,326.4997868602956
6.066986476650157,364.83138249421654,364.2255159895628,326.28182882154744
6.069735253378926,365.3301232902936,363.3718665390048,326.0643249415788
6.072490917990094,365.57427434865394,362.4071435677937,325.84728071066706
6.0752538666889215,364.57453670202494,361.4584266957278,325.63070165004865
6.078023506927897,363.5723778071824,360.6579080277248,325.4145932401303
6.08079918091868,362.56803567642464,359.8886281748559,325.1989611159313
6.0835808375904366,361.56152878907915,359.1082115865499,324.9838107962786
6.086368650571234,361.0525426158051,358.3009353778804,324.7691478713534
6.089162765730723,360.5513972444692,357.4900940791773,324.55497786359655
6.091964293090754,360.04892243974155,356.40784064095374,324.3413062708837
6.0947752700858375,359.54475277256324,355.0909921529165,324.1281385311824
6.097596890212142,358.62323827724504,353.72427926677045,323.915480001745
6.1004313562463635,357.6152401439017,351.8808073431377,323.70333596021686
6.103281264314376,356.6017504855067,349.9017964945995,323.49171157142126
6.1061477680386655,355.5823590486648,347.8185008628611,323.2806118523731
6.109032524437828,353.80696834345144,345.4887691328432,323.07004175235863
6.111936876236264,351.77672387095026,343.14104751840125,322.8600059921887
6.114859100814336,349.7339856943163,341.2741395518763,322.6505091604847
6.117796167853681,347.6808721131001,339.68101746878557,322.4415556871142
6.120746600595771,345.2700505527173,338.1889307431567,322.23314976833586
6.123708141590653,342.74863638367333,337.1368060585462,322.0252954675142
6.126678743356743,340.21950800201284,336.12896269658285,321.81799659825964
6.129658997048231,337.68216210740957,334.9568936647645,321.61125681358027
6.132650265264431,336.47113147365144,333.6583555258962,321.4050795453683
6.13565345976823,335.4688793295966,332.30193924362004,321.1994679848446
6.138670083462987,334.46214547934096,330.69482605712096,320.994425172958
6.1417015736808995,333.450532933723,329.05080249308804,320.78995387352154
6.144747048110521,332.44584377281444,327.6642551287853,320.58605670316246
6.147804574108298,331.4371788504352,326.4615846245705,320.3827360290862
6.150872290869071,330.4251520383534,325.49053250863426,320.17999395223205
6.153945163728842,329.413906649977,325.3662273446678,319.9778324297147
6.157018784008424,328.41157816242094,325.33224010828826,319.77625316542117
6.160090489054344,327.40987424559444,325.77223881781526,319.57525765504346
6.163156961698634,326.40987665054286,326.44362981386354,319.3748471802623
6.166216475915091,326.0554956251341,327.25592727118214,319.17502282411783
6.169266806442936,326.5514252459567,328.4127642722037,318.9757854259777
6.172306311209082,327.04559479001205,329.5912757094491,318.7771356824567
6.175334202451649,327.53787618119577,330.93717247083777,318.579074034771
6.1783495498849845,328.3324044400101,332.3392762469838,318.38160071242896
6.181352037411559,329.31720741811705,333.7781729075056,318.1847157938377
6.184341246636071,330.2976551703325,335.2985551042121,317.98841915466556
6.187316834224935,331.27363508471853,336.8411398997328,317.7927104798696
6.190276885249635,332.6136864248174,338.82873547284066,317.5975892711603
6.193218971910708,334.0822387379653,340.9676233123741,317.40305487946216
6.196142178729058,335.54136711501087,343.2199138652798,317.209106473305
6.199044976593075,336.99030829482217,345.7800466085648,317.0157430441873
6.201926355310783,339.2021858864264,348.34156424438635,316.8229634396767
6.204785658701814,341.6365564037351,351.14070634617474,316.6307663092398
6.207621745494027,344.0511606367618,354.0684848550752,316.43915017539393
6.210434753685865,346.44611607543175,356.92564007582445,316.24811335739696
6.213226523183028,349.206465242999,359.4749539721099,316.0576540543393
6.215998816986314,352.1302848411815,361.9578492038489,315.86777021741267
6.218753093547294,355.03510242518405,364.1925198470061,315.67845970732935
6.221492397689888,357.924129240454,365.92401496877136,315.48972015972214
6.224218862045811,360.3796593968591,367.6307157229348,315.3015489835381
6.226934141887817,362.344673039006,368.9439557174681,315.11394351306257
6.229640964288135,364.303566137688,369.9311066670244,314.92690077351995
6.2323406472116005,366.25729248736843,370.8978954059183,314.7404176148921
6.2350345071412985,368.03810587334647,371.5317445802878,314.5544907131998
6.237724229359517,369.0283615114072,372.03981094771314,314.3691164824864
6.240410860726811,370.0174792131661,372.3870052462784,314.1842911256478
6.24309867704914,371.0070331712777,371.7120720815477,314.0000106436772
6.245792040428915,371.99862934953853,370.85489087060756,313.81627084720384
6.248491729529744,371.7091579323969,369.9722060960103,313.63306723279175
6.25119812534175,371.2095213667103,369.0192293341307,313.45039515982506
6.253911544434628,370.7085882102151,368.0594609105779,313.26824981302605
6.256632029496375,370.20635058214043,367.1047937037435,313.08662603551477
6.259359571179484,369.41623028251433,366.1574514488983,312.90551858068807
6.262094210030963,368.41523704745214,365.2017968717704,312.72492193184144
6.264836852721078,367.41131406964723,364.02378778661637,312.54483040329427
6.267588823336258,366.40397667758316,362.73045984298045,312.36523817455543
6.27035074179471,365.39703787014196,361.40630149998236,312.1861392180961
6.273123522185827,364.393742751412,359.894524224529,312.0075273605042
6.275908136286651,363.3861657561861,358.3412104213127,311.8293963082574
6.278705581717605,362.3739459082735,356.6010104593871,311.65173967644944
6.281518389897921,361.26641212068216,354.4387643418597,311.47455094527555
6.284348548554547,359.75233574395907,352.24222609962567,311.297823518515
6.287198316606521,358.22776874608735,349.57938033308466,311.1215507321429
6.290071202531905,356.69083416382955,346.597476384891,310.9457258690693
6.292969310284906,354.9580333990716,343.521697510873,310.77034216520235
6.29589533162596,351.90752887791496,340.01827297107326,310.59539286173333
6.298852109064425,348.8249597874101,336.41302994465843,310.42087121943644
6.3018379760678656,345.71206356011044,333.42251959526067,310.2467704905789
6.304847417112386,342.49367950181204,331.160418650652,310.0730839838244
6.307878503386158,338.94275540520175,328.678371462703,309.89980504966906
6.310939103927886,335.357255280127,324.81104015521277,309.72692710687505
6.314037821581651,331.7271008762227,320.64413858070213,309.55444365225856
6.317179486409049,327.8973522077886,315.9949601632115,309.38234829232516
6.3203699260290565,323.8068156495083,310.9189957428185,309.210634660133
6.323611786240619,319.65035155939586,306.04918920546254,309.03929655317125
6.326901473455843,315.4325673597532,301.9391303805125,308.86832785657555
6.330236746816461,310.9012997770351,297.7412537638169,308.69772257295716
6.333623593854034,306.25009694059736,292.81949492515236,308.52747484660125
6.337068659831826,301.5189412462696,287.7649159173229,308.35757898945326
6.340562031183339,297.0406445956705,284.76367015372387,308.188029357905
6.344087003949532,292.94389149250765,282.6246637703377,308.018820558077
6.347634560922495,288.8208908336055,281.1474606439315,307.8499472512404
6.351198038846178,285.00271376433557,280.1039226658152,307.68140425486945
6.354776426080299,282.9942645635765,278.81007601665266,307.5131864588946
6.358373043138669,280.9755834696357,277.2722821014165,307.34528885768276
6.3619887950181395,278.94616253295817,275.8665900250675,307.1777065761924
6.365621821033437,277.86386542444257,274.6414155970531,307.01043470846975
6.369271764106898,276.85717591430625,273.315544102937,306.84346845977853
6.372940588813343,275.8452786676446,271.82225004958127,306.6768030203738
6.376628019417295,274.4655727123659,270.56375862043313,306.5104336460268
6.380329411019757,272.9561924008576,269.7747085561937,306.34435551218417
6.384040918771082,271.44268685279985,269.0907219632484,306.1785637817984
6.387760490342163,270.54669314996795,268.6060494996333,306.0130535914944
6.391486358770399,270.04606287525974,268.1818933047745,305.8478199571895
6.395217277553348,269.54475400426804,267.8792631483541,305.6828578644755
6.39895145542136,269.044439270191,267.71391460280654,305.5181621551175
6.402685805837335,268.54555771647176,267.85450159551857,305.3537276092654
6.40641671742387,268.04713556489276,268.207750777996,305.1895488545492
6.410139437094893,267.9317322074546,269.0351577830664,305.02562032484576
6.413849907392333,268.4274235542275,269.981734304793,304.8619364277385
6.41754568477732,268.921152036733,271.17905055528104,304.6984913130367
6.421224529640066,269.6585110637325,272.47293897529727,304.5352790810914
6.4248843207188004,271.1423309585093,274.0106697235546,304.37229364398416
6.428523553010186,272.6178155311254,275.5601569179531,304.2095288255247
6.4321423135865015,274.0571409206268,277.1196576246686,304.04697829813745
6.435740857740227,275.0439385957052,278.6649529749041,303.8846357344373
6.43931975131584,276.02534766251097,280.17103481407986,303.7224945905997
6.442879775149361,277.0015822429607,281.62672879127757,303.56054839360814
6.446423061654672,278.38578551517685,282.8235318280552,303.3987905336303
6.449951948575118,279.8584559847418,283.9295725143887,303.2372144668832
6.453469972616578,281.32659317186926,284.57210092499423,303.0758136528763
6.4569809405064476,282.54449517998523,285.07182687698605,302.91458156338814
6.4604877257130635,283.5343087133256,285.25115554111756,302.75351174735596
6.463993193055895,284.5237502708155,285.2861828335787,302.59259787677064
6.4674993433939765,285.3047,285.14005061520345,302.43183373518053
6.471008102741278,285.3047,284.8621289321262,302.2712132011103
6.47452115143008,285.3047,284.4442640753014,302.11073033489174
6.478040433323909,285.3047,283.85410393666353,301.9503792940836
6.481567544698988,284.85213312870655,283.18293836504307,301.7901545028401
6.485104006690454,284.35159734591275,282.3552432441364,301.63005048146033
6.488651412020477,283.84951268954296,281.4386006239812,301.48623828791006
6.492211946583897,283.0351158119388,280.2772075495578,301.34305141041443
6.495787865030749,282.0316009825467,279.0224787818344,301.20048017147747
6.499381928215703,281.02299417076415,277.45517955105595,301.0585124010315
6.502996985123509,279.81956114921877,275.7914601529157,300.9171337409703
6.506636015381574,278.309673897028,273.81263354855196,300.77632799351574
6.510301651562139,276.7887474557215,271.8026549638257,300.63607744506373
6.513993049284842,275.1562257003866,270.0035127156679,300.49636316226236
6.517708785689002,273.1417268870928,268.25349054707453,300.3571652447082
6.52144797834458,271.1145111893088,266.62628012502756,300.21846306345725
6.525209955521981,269.1322711868388,265.0139454965369,300.08023544570875
6.528995185142003,267.6226596149231,263.3607582708397,299.94246088206995
6.532804243458417,266.103544768589,261.7085989473742,299.8051176980644
6.536636560470708,264.5767825970529,260.1734113860291,299.66818419353206
6.540491303273775,263.067157741154,258.6722920544191,299.5316387449191
6.544367743322578,261.5490356383207,257.26882248479455,299.39545995758175
6.548264774501767,260.024577562775,255.94577598183227,299.2596267276511
6.552179635151058,258.51904748650395,254.9301105887095,299.1241183423865
6.556109113159927,257.0078960416954,254.04488440248775,298.9889145486355
6.560049873300086,255.54636524034117,253.47206073053292,298.85399565928304
6.563998389820963,254.54771025095806,253.0476394240239,298.71934244069803
6.567951260365888,253.54795404601305,252.91381749185055,298.5849363994844
6.57190512237587,252.71364,252.92072992633007,298.4507595952601
6.575857233343262,252.71364,253.13802835750388,298.3167947423786
6.579805198892601,252.71364,253.4522000081976,298.18302527410845
6.583747454083834,252.8256390005197,253.87197670637977,298.0494352919988
6.587682718441894,253.3222795399147,254.3535486332427,297.91600956078116
6.591610136838678,253.81792989870542,254.88738160999574,297.78273357072925
6.595527410358547,254.31296447961574,255.67301850392565,297.6495934805084
6.599431546270193,254.80810710508888,256.6059282525129,297.51657613637
6.603320025853352,255.30126411434196,257.7364050083081,297.3836690498165
6.6071908268190285,256.081435373786,258.95539849832005,297.2508603978629
6.611042565677129,257.5639666744246,260.29405390223485,297.11813899793
6.614874195713538,259.03875810518275,261.6806919176435,296.9854942564109
6.618684586235791,260.5121340049004,263.2043141331102,296.85291627345686
6.6224727864697215,261.99569893372336,264.75543980917433,296.72039562411214
6.626239338444597,263.47078580016296,266.2383208712549,296.5879235718399
6.629984949042674,264.94219002647606,267.7241490600665,296.4554918315133
6.633707955672659,266.42443046383414,269.48182705310967,296.3230927136125
6.637406148003299,267.89679158547506,271.32923943978113,296.19071898344265
6.641077220570686,269.3824391869189,273.4791533392318,296.0583639205195
6.64471909522873,271.3568936096226,275.69752699612974,295.92602127626736
6.648332429672648,273.31587486059516,277.8159455922063,295.7936852204943
6.6519186772833265,275.26017089510515,279.877652515025,295.6613503748967
6.6554809864991125,276.81473690991106,281.56096992803424,295.5290117196058
6.659023194427364,278.28445115139766,283.0626171316625,295.39666465500835
6.662548443775119,279.7471290280582,284.2757317407574,295.2643049210442
6.6660599131565,281.21808583537813,285.2882036694365,295.1319286221289
6.669560719340705,282.6960110204782,286.0096873096294,294.9995321418775
6.673054759358797,284.17107975287036,286.39386003065977,294.8671122567751
6.676545078134343,285.4194069773549,286.61979274478693,294.7346659227995
6.680034531802733,285.9165819295074,286.53584506232056,294.6021904602065
6.683525501322679,286.4139728591441,286.3709518181771,294.46968341480374
6.687019936330212,286.91185754906223,285.96792054203866,294.3371425767689
6.69051974591749,286.5048022168313,285.49213649584146,294.2045659701679
6.694027235143844,286.0054880140966,284.71736759920424,294.0719518303467
6.697544740200008,285.50474799199276,283.8687249527173,293.9392986212933
6.7010744003528995,284.70507381942707,282.7602329518238,293.8066049855943
6.704618471940757,283.7047359560845,281.56498520821657,293.6738697434569
6.708179685533311,282.6995596474883,280.0454292978687,293.5410919033738
6.711761190338471,281.6928376982155,278.38400532966796,293.4082706397276
6.715366987339781,280.68763024278246,276.286322627236,293.2754052664762
6.719001912284367,279.6743026336824,273.94135940688784,293.14249524137153
6.722668667589665,278.5203191871469,271.5108308608926,293.00954017560844
6.726368842972299,276.49094987154103,269.0156075460455,292.8765398040719
6.730101220329521,274.4439193122448,266.8446860149202,292.74349399117614
6.7338623521602425,272.3724699410159,264.9171265217754,292.61040270185975
6.737651810763713,269.8411736091548,262.8706864792937,292.4772660250012
6.7414715819920055,267.28962893998414,260.7296346998346,292.34408415928704
6.745323630214848,264.7165237666741,258.4843742929533,292.21085737697695
6.749209757445097,262.6818864459178,256.17715799605804,292.077586057009
6.753126870184422,260.642366291238,254.40911179722445,291.9442706913811
6.757068897630334,258.5905484127052,252.9482339624208,291.8109118192734
6.76102938201178,256.5738083098804,252.0421274308059,291.67751006497514
6.76500227585187,254.55074911815382,251.37015692822092,291.5440661543623
6.768983692089323,252.66679104996956,250.9639845659881,291.4105808509336
6.77297093980509,252.1669186300512,250.6353644088142,291.27705500369314
6.776962949312888,251.66644923480658,250.36559162296095,291.14348949715253
6.780958800854416,251.16603079616993,250.15359384066517,291.00988530947416
6.784956597709405,250.66771798663535,250.12195305320816,290.87624345152125
6.788953409380157,250.16952797721854,250.2769540386362,290.7425649897422
6.792944463893223,249.9498844205923,250.84438061726297,290.60885099802516
6.796925256607286,250.44607771741892,251.56916005916588,290.47510263411505
6.800892840889224,250.9406246247063,252.51769466387012,290.34132109020817
6.80484297585381,251.61061104267833,253.79735367779747,290.20750759479654
6.8087705406609285,252.59739311044427,255.42926342835725,290.0736634043458
6.812671911045014,253.5775939534069,257.2173543304548,289.93978974543603
6.816545402586033,254.93770671076072,259.11968345471075,289.80588797515793
6.8203907607713665,256.90547022687224,260.994671390498,289.67195940927365
6.824208772855653,258.85924007650146,262.8446724423903,289.53800537329005
6.828001152721414,260.6400265541538,264.5340697618338,289.40402721448066
6.831770031165765,262.11602453096475,266.1325934160945,289.270026331593
6.8355168945701,263.5834008037323,267.6515292424012,289.13600410512555
6.839242848866836,265.17899564059917,269.12776749154006,289.00196188827096
6.84294805237333,267.15497428233084,270.65798774522693,288.8679011197675
6.846632181754048,269.11971412912044,272.21558092061485,288.7338231806704
6.850294001779176,271.0205946480055,273.9665199261924,288.59972944145136
6.8539317793581525,272.50403397166474,275.82599337029825,288.4656213422869
6.857545419299533,273.9776302744099,277.63851392199194,288.3315002714575
6.861135781947813,275.4417343937589,279.4139379639818,288.1973676069679
6.864704079631537,276.91974897828186,281.0823824766749,288.06322474835815
6.868251937239877,278.3918073552495,282.64241641788334,287.9290730726469
6.871781208112704,279.8561538218946,284.05037020059547,287.7949139677522
6.875294459248199,281.32976849102033,285.22533563710965,287.66074877936774
6.878794092041476,282.80719830907856,286.2650858862985,287.52657886573155
6.882283006561753,284.2801032249363,286.9800019744125,287.3924055917193
6.8857638089562485,285.45458754651713,287.6008297540165,287.2582302560224
6.889239085978048,285.9488903735868,287.89300943601944,287.12405419285824
6.892711388871959,286.44277017831484,288.09367832116624,286.98987869105986
6.896183893294125,286.93667864722875,287.8596070270797,286.8557050746414
6.899659910604963,286.95746,287.51173099073316,286.7215345840985
6.90314232333021,286.95746,286.8036067709589,286.5873685134582
6.906634200992093,286.95746,285.95540138088916,286.45320808764825
6.910137350432702,286.64465268723916,284.961169360827,286.31905455226973
6.913653328071176,286.14413010310795,283.87274487648705,286.18490914114125
6.917184416381009,285.6414564153423,282.52806334384314,286.05077303619106
6.9207340548701275,284.8048309923988,280.9142179590694,285.91664745343866
6.924305324555312,283.29715843562235,279.1164674583798,285.78253357583463
6.927901539462474,281.77895482689155,277.0316375527531,285.6484325784038
6.931525827281016,280.20136486594174,274.8098606540014,285.5143456112541
6.935181324882736,278.18314573228554,272.3225824407866,285.38027383187494
6.938868896513927,276.14721836105855,270.04929154922985,285.2462183813313
6.942583579797304,274.096322506427,268.35991809369364,285.11218041768694
6.9463212859750945,272.0792764319517,266.73257002475447,284.97816105224206
6.950081108547483,270.05261548178896,265.211772749364,284.8441613977263
6.953863368695805,268.01385998245905,263.5776341511119,284.7101825914259
6.95767126825976,266.4328820143878,261.6533526336193,284.5762257144883
6.96150739766236,264.91309411406155,259.7127172291145,284.44229190133547
6.965372213147782,263.3819414350728,257.7836032708525,284.30838223824924
6.969264402985726,261.4409127386166,256.0716510796492,284.1744978218921
6.973179548454788,259.4141589452588,254.7683760738653,284.04063975126303
6.977111516118857,257.37869680432823,253.88434239030224,283.90680911314405
6.98105284912799,256.25086116668695,253.558398563496,283.77300700052183
6.984996958779664,255.24840222638136,253.52689681353553,283.63923448679986
6.9889394495580675,254.24635474877005,253.7667303472389,283.50549266710647
6.992877774635075,254.17759,254.0635386348537,283.3717826336491
6.996811170510998,254.17759,254.40317955449515,283.2381054557493
7.000737891819567,254.17759,254.92813464409363,283.1044622109812
7.004655697178432,254.66405287281748,255.5625369348143,282.9708539818879
7.008560920805991,255.15933344802522,256.57402483522145,282.8372818430753
7.012449611474697,255.65505207600881,257.74055020998844,282.70374683692575
7.016318624511892,256.6458229309328,259.1912180690593,282.57025004548404
7.020165550782524,257.63093784094804,260.7088009192728,282.4367925388766
7.023990384692263,258.6103953734669,262.19393958886536,282.3033753410404
7.027793758469559,260.0860425129258,263.65906432423805,282.1699995374517
7.031576437237687,261.55891206210663,265.0705412891437,282.03666614546177
7.03533904263174,263.0239655996097,266.47976706240036,281.9033761954549
7.039081189488506,264.5044716188736,267.9769959659621,281.770130720707
7.042802351773041,265.978712141457,269.4937658933634,281.636930767303
7.046502205027663,267.4445105072641,271.07282645609206,281.50377730987856
7.050180425119836,268.9220342096114,272.67313597677673,281.37067137078037
7.0538362796948775,270.39572146945875,274.40002774094245,281.23761392833217
7.057469079573677,271.86011530380665,276.14505043647864,281.10460599174144
7.061079137166917,273.33019362612185,277.86809036713726,280.9716484985731
7.064667062516937,274.8005112310693,279.5622569959304,280.83874242821844
7.068235085143273,276.2626727786396,280.97586995737674,280.705888749313
7.0717858982428865,277.72760574501854,282.27841563658,280.57308836054773
7.075321633377592,279.2031341023917,283.3769479487313,280.4403422107199
7.078844372079685,280.67323880552294,284.3648645768894,280.3076512169298
7.082356543583593,282.1029337057221,285.08431814119325,280.1750162684112
7.085861247533673,283.09215979051214,285.5777188220556,280.04243826521787
7.089360810845965,284.0799348959713,285.9223652964651,279.9099180502731
7.092857462156967,285.066888069628,286.05348451393274,279.77745652483134
7.096353103378101,285.3047,286.0876136700029,279.6450545175992
7.099849712342884,285.3047,285.8951978125122,279.51271283365224
7.103349246058534,285.3047,285.6096544839036,279.38043237217465
7.10685428815281,285.3047,284.99755867347875,279.2482138510921
7.110367341755986,285.3047,284.3085650727172,279.1160581353259
7.11389068080482,285.3047,283.33645512674576,278.98396596933964
7.117426618149982,285.1588810785968,282.2863763820104,278.8519381413657
7.120977474074152,284.15662829104235,280.961221718501,278.71997543403495
7.12454572864886,283.14946461823297,279.5405047855006,278.5880785528812
7.128133806017447,282.1367058295284,277.8661065105338,278.45624827421256
7.131744318926252,280.68213144702713,276.0775850980614,278.3244853253608
7.13537895139917,279.16533138194836,274.19084725519986,278.19279042408647
7.13903907590891,277.6378930134383,272.24557617512073,278.0611642936334
7.142724535904433,275.76906342719985,270.4335739000694,277.9296076444089
7.146434190938377,273.74795269843935,268.70565211904534,277.79812115937096
7.1501672582727025,271.71408637622017,267.0519104777357,277.6667055497485
7.153923173515912,269.9808028603202,265.4463100057043,277.53536150242803
7.157703644805126,268.4656609531967,263.5947394715832,277.40408971525915
7.1615120762592435,266.9393131369857,261.56369894824724,277.27289088240366
7.165350730856151,265.15618288560836,259.4606688550303,277.14176564512553
7.1692209320286135,263.12941420114976,257.31722419436795,277.0107147069004
7.173120010300164,261.0875229952717,255.6300669021304,276.8797387313533
7.17704290223749,259.05795539696874,254.2018953806405,276.74883838983476
7.180983916942278,257.0412421081737,253.28328367700882,276.6180143844043
7.184937323177654,255.01818777112658,252.61047436906452,276.4872673583161
7.188897016116805,253.88517657377633,252.47922974996936,276.35659799586455
7.192857136995412,253.38539907720406,252.55587078504598,276.22600695864566
7.196812899310972,252.88617164256073,253.03613528033281,276.0954949429876
7.200760122509147,253.03897766987654,253.64991574597335,275.9650626202538
7.204695735608686,253.53523441381026,254.5316484471362,275.83471063160283
7.208617665905642,254.0297658400143,255.42287834280495,275.70443968089074
7.212526436278286,254.5246389434625,256.2483159953611,275.57425044980323
7.216421735913226,255.01866090681062,257.1927422760833,275.44414358838367
7.220300471601506,255.51058214512682,258.44222346951284,275.31411976983276
7.224159405411681,256.71212300388197,259.8394142346215,275.1841796778902
7.227995693300922,258.1887072385839,261.50320327381587,275.05432395500617
7.231807467703289,259.6558562511914,263.1922572839232,274.9245532690472
7.235594590046585,261.1300365080733,264.918850984415,274.79486830992613
7.239357767618242,262.6025335633926,266.55191952495124,274.6652697222519
7.243098948304049,264.0664234379392,268.04283106336374,274.5357581343604
7.246819163944274,265.5378324358717,269.5647221187811,274.40633424034843
7.2505180411030405,267.0117346265083,271.14452211202433,274.27699863648746
7.254194882436277,268.47685613854173,272.80569810813233,274.1477519971669
7.2578483998838745,270.16377933066815,274.61796918033116,274.01859492373507
7.261478132990348,272.1316511709256,276.3924449582574,273.88952807846977
7.265085119993829,274.0871911360168,278.09216830422463,273.76055203387864
7.268670434260374,275.9268837156642,279.74387774156185,273.63166742926467
7.272235348192105,277.40729412905876,281.2837108037207,273.5028748539929
7.27578109374869,278.87974444503834,282.77650623506537,273.37417491390374
7.279309057533585,280.3448104817662,284.12594923824463,273.2455681659757
7.282820763948177,281.82636563178585,285.4005948195489,273.11705520792657
7.286319123179252,283.3032577937861,286.29738964722213,272.9886366036718
7.289807110973398,284.77577147636293,287.100236412159,272.86031289317674
7.293287066866206,285.62173764287616,287.6201618973884,272.7320846091681
7.296761338524738,286.11632310595576,288.04036849292925,272.60395231207036
7.300232655476396,286.610487947043,288.10985257338666,272.47591650493973
7.303704320019273,286.95746,287.9827026620824,272.34797769489893
7.307178819958585,286.95746,287.63990324985116,272.220136382804
7.310658788958035,286.95746,287.07840870651336,272.09239305480315
7.314146559165749,286.95746,286.3547780611816,271.9647482023248
7.317644929488223,286.47885235275794,285.3417820532043,271.8372022720026
7.321156423563009,285.9793982265062,284.21856338255714,271.7097557282506
7.324683677847563,285.47770246133064,282.7982682185609,271.5824090248091
7.328229310366185,284.6472366003459,281.28006692995933,271.4551625976156
7.331796245237706,283.6404454225699,279.4315271200916,271.3280168771528
7.335387489145132,282.6267928571406,277.4853727402954,271.2009722765683
7.339006090369996,281.1976314349581,275.2236346274577,271.07402921055836
7.342654863989642,279.17320006145064,272.91545893913326,270.94718809550164
7.346333228897356,277.1323506970807,270.81252013691955,270.82044933764587
7.350039807912418,275.08750309010156,268.77626888999333,270.6938132999103
7.353772494330936,273.0638147703148,267.0365107979528,270.5672804110231
7.357529174942529,271.02711791918546,265.3536998842124,270.4408510302643
7.361310583508503,268.9839391081973,263.55585166270316,270.3145255628789
7.365118386132524,266.96494039669915,261.68809811495277,270.1883043976747
7.368955574146069,264.93036076637554,259.53580229017496,270.06218787733184
7.372824973017884,262.88491726240863,257.3495965822099,269.9361764230024
7.376725035273131,260.8659715980357,255.46962218437537,269.81027037542106
7.380652226885891,258.8329818761208,253.8055927404039,269.6844701261731
7.384598842605934,256.8803242916665,252.95911961283034,269.55877606210373
7.388556878744311,255.37437506546303,252.34272861093532,269.43318854728983
7.392521352421866,253.8659764914505,252.13793950360102,269.3077079701168
7.396487983997364,252.71364,252.06821127791696,269.18233470608266
7.4004538463961484,252.71364,252.23577602605042,269.0570691395279
7.404415605731256,252.71364,252.59069610359577,268.9319116567913
7.408369563500768,252.8660273052452,253.23241471302373,268.8068626383781
7.412311267117093,253.36262429398175,254.1641169033971,268.68192247694424
7.4162361186794,253.85709817045677,255.41235215659853,268.5570915614678
7.42014094091957,254.52379297340804,256.77849947872085,268.4323702471634
7.424024351850824,255.51167451332844,258.2367979067702,268.30775897203324
7.427884931677024,256.49374816229465,259.82496638326546,268.1832580879837
7.431721448198113,257.6464424744004,261.4865691264631,268.05886799190387
7.435534177550549,259.1224613344848,263.0768596001462,267.93458906132304
7.439324224553486,260.58969919477704,264.6256269842299,267.81042170180524
7.443092281095739,262.2013904617811,266.15638550890066,267.68636626608526
7.446838830606321,264.1764680106703,267.67244160326425,267.56242312572357
7.4505646386922795,266.1406112526747,269.1278054829784,267.4385926846169
7.454270524914746,268.0110608455434,270.557960565205,267.3148753049605
7.457954878815496,269.4962362793185,272.28354260207436,267.1912713258911
7.461614968092733,270.97163056184627,274.1576433223502,267.06778111941543
7.4652489236936095,272.43676451437886,276.21450030096736,266.94440504910096
7.468855251628222,273.9158963446007,278.37464951051385,266.82114345337186
7.472434562760771,275.38394726021716,280.3994238372814,266.6979966724299
7.475988811159329,276.8417187203122,282.3139624375954,266.5749650227346
7.479520284621413,278.6894958067696,284.0270623914923,266.4520488586935
7.483032009270352,280.6491772989775,285.497468014293,266.32924847434333
7.486526971889578,282.5995049144767,286.757492714084,266.2065641922835
7.4900090886784,284.1093753780651,287.60703805994916,266.08399627283194
7.493481310181551,285.09426413470646,288.39415684124305,265.9615450162415
7.496945071083612,286.07675305859493,289.0135679167746,265.8392107208419
7.500401897684558,287.00784471653697,289.55225695310423,265.7169936082124
7.503854788181629,287.50222963738906,289.67262378473794,265.59489394154406
7.5073068742889735,287.9964993857061,289.6872007026755,265.47291199115784
7.510761581342054,288.4911444010786,289.2334423382244,265.3510479579601
7.514222669109988,288.61978,288.62022286825055,265.22930204230835
7.517692622088017,288.61978,287.75775425620753,265.10767447385973
7.521173888813635,288.61978,286.74754556029205,264.9861654699004
7.524668653610107,288.2204131946778,285.5395830899223,264.8647751584916
7.52817951491515,287.21793377218637,284.12471399497724,264.7435037575273
7.531709112466832,286.21010446541413,282.5166883960126,264.6223514293287
7.535260931460665,285.1437446358582,280.58171834835156,264.50131828912
7.538838970384606,283.63191214790595,278.39226916507124,264.3804045254799
7.542449210507101,282.10647365421664,275.6015608691673,264.2596102696942
7.546097039256219,280.5651527992359,272.6853022499421,264.1389356344947
7.549785823736592,278.13039682943236,269.5172291177541,264.0183807588391
7.553517119741619,275.5649171040259,266.506473351425,263.8979457471048
7.557285836817334,272.9737082491092,264.1882233253974,263.7776307387874
7.561087724936526,270.02477603727584,261.87634361520946,263.65743581585775
7.564924309031154,266.9582680619342,259.43217360775367,263.53736111449325
7.568798106649504,263.8620160318633,256.86977622149595,263.4174067413611
7.572712773700463,261.1988910221171,254.04497426353873,263.2975727704115
7.576668122719235,258.6489775848095,251.61111993382806,263.17785935101625
7.5806550436758,256.0787105180161,250.0340814874892,263.0582665574272
7.584662777603965,253.96883456535625,249.0031727077385,262.93879452342395
7.588681481667606,251.94769295038304,248.66992416429335,262.81944334553634
7.592705126481244,249.92406646584186,248.39199802419287,262.70021316209824
7.596732840537986,249.33969291420726,248.1676832138668,262.5811040645639
7.600760832807613,248.8405133037387,248.3576720860377,262.4621161808586
7.6047838154036675,248.40238546966373,248.7862848798905,262.3432496346069
7.608796085932618,248.89961672177867,249.68621450551183,262.224504560987
7.612792692206,249.39490673953412,250.74058303534486,262.10588107115035
7.616771831135077,249.96657091214274,251.8833196956907,261.98737932146065
7.6207320997147985,250.9575496016514,253.13604098222345,261.868999431059
7.62466945602241,251.9427949493595,254.82461712186947,261.7507415198356
7.628579373480118,253.02919910733272,256.70202321300405,261.6326057470598
7.632457316690925,254.5046746647563,259.0459391971954,261.5145922412777
7.636300272284805,255.9668381722654,261.39744915782603,261.3967011372281
7.640109137889391,257.6171659706288,263.703401854985,261.2789325602043
7.643885697291999,260.0680294146032,265.8881721148063,261.1612866546388
7.647633179788674,262.5000228983263,267.81036975648715,261.04376352174637
7.6513547391323335,264.8705139883541,269.60475987968965,260.92636333795747
7.655053435166607,266.8413232328835,271.13065272439763,260.80908619570033
7.65873081048355,268.80077196916136,272.74027308713454,260.69193219218937
7.662384692019758,270.7477023044057,274.6293672065,260.57490146093886
7.6660130980308026,272.2505388165241,276.58379304359727,260.4579940905448
7.66961471098543,273.71796673291965,278.73126577996453,260.3412101928276
7.673188828046305,275.17419182364074,280.8555603865275,260.2245498413555
7.676736793607979,276.9936568959238,282.85485996735116,260.10801312191643
7.680260334445448,278.94860597218303,284.7623977434244,259.9916001027434
7.683763356019402,280.89217044497036,286.17678486607235,259.87531085241136
7.68724993869883,282.63911707148554,287.45364165738243,259.75914543164805
7.690724152228842,284.11431421978114,288.21722645164687,259.6431038605292
7.694190264136719,285.58607131185454,288.7987743868718,259.5271861475507
7.697650989731856,286.99056162509123,289.11488661065073,259.4113923634811
7.701108890009909,287.4860906587303,289.27083436857794,259.29572243675557
7.7045679200768475,287.98178159501254,288.92613764537566,259.1801764236775
7.708034510808932,288.47855600068124,288.01102809878364,259.06475427833686
7.711513156775408,288.2628097699487,286.92736015832554,258.94945595692855
7.715007046582923,287.762554567121,285.50407713595024,258.8342814279911
7.7185190204781815,287.25971008429883,283.9803149345693,258.7192306210055
7.722051681758005,286.3537950677569,282.17088689778456,258.6043034803497
7.725608188377166,284.8436551822383,280.1857000534495,258.48949992398366
7.729194748180174,283.32075431621934,277.46500628545704,258.37481984466973
7.732818192518032,281.70690424903023,274.5118050047625,258.26026317018375
7.736486046968359,279.671886350764,270.79148439185565,258.14582978520633
7.740205156252744,277.608430981466,266.9984385008786,258.0315195683817
7.743970931742222,275.4566620000078,264.1163086698552,257.91733242736325
7.747776923603918,271.3804414407514,261.38508476404166,257.80326820132893
7.7516244745503045,267.2597110660263,258.44275010421615,257.68932679460323
7.755517004785894,263.1048597141571,255.38011987585347,257.5755080684061
7.759459012294517,260.06141261476023,251.99812853992225,257.46181190753146
7.763452406359984,256.97829226080194,248.84878245013067,257.34823817017065
7.767486962895392,253.9239501125512,246.8764952333558,257.23478673105274
7.771549720762424,251.39183364740256,245.40435222097392,257.12145747733376
7.775629366974869,248.8491915100658,244.83489756091018,257.0082502691723
7.779715990980501,246.69099625001218,244.56676933228192,256.8951650247965
7.78380419248525,245.69223207240452,244.64591992234267,256.7822015966195
7.787889654682919,244.69413711860557,244.89490081773928,256.6693598950627
7.791969816950018,244.30883788369397,245.28198830925223,256.5566398089199
7.796039873963039,244.8049953769305,246.1130250253537,256.4440412581746
7.800094444134082,245.2992649573763,247.15973167279236,256.3315641235196
7.804128896757527,246.06705274503656,248.57450447326593,256.219208330184
7.808138919125872,247.05239226376307,250.1810052026599,256.1069737730064
7.812118920557101,248.0303550616104,252.3406582992806,255.9948604132955
7.816063018335363,249.6487715249341,254.75768211907848,255.88286808130187
7.819965012289311,251.59990965931183,257.81905896101597,255.7709967632307
7.823820817092984,253.5279515476268,260.8976691878951,255.65924636622304
7.827631659546385,256.1150608299131,263.9382837542394,255.54761677392418
7.831400289196512,259.0221467151714,266.7737461598248,255.43610795820587
7.835132110086871,261.90083866525583,269.1683545580308,255.32471975599327
7.838832337350625,264.81351505561815,271.3477742534955,255.21345212161566
7.842506061388448,267.749852115704,273.06434361480416,255.10230496366762
7.846156720330793,270.667753687997,274.78737705968683,254.9912781361208
7.849783877687429,273.00890351320686,276.6146624209625,254.88037153987887
7.8533867050314665,274.48659957967175,278.51139771318987,254.76958505603096
7.856963378395434,275.95356861711707,280.67580235167964,254.658918560597
7.86051270402157,277.49106074273095,282.81967850462826,254.54837190330153
7.864036396304755,279.4574206490179,284.7734988411932,254.43794493364834
7.867536904137252,281.4108427132287,286.57787153886227,254.32763747389515
7.871022171285706,283.3557598718926,287.26705902579596,254.2174493856255
7.874500929385949,284.4942556850683,287.6510106939058,254.10738046452565
7.877977627793692,285.48211458032165,287.60740316167033,253.99743048886086
7.881456006139583,286.4704508082759,287.37327252650846,253.88759925422886
7.884939019751981,286.95746,286.84260221071503,253.7778865542707
7.888429872612743,286.95746,286.08429657999295,253.66829211808812
7.891932653895491,286.95746,284.8930338238495,253.55881572593051
7.895453759336738,286.6713728485893,283.11596498318005,253.4494570793454
7.898998651603297,285.1661645712429,281.0833976367988,253.34021591596616
7.902572637860326,283.6486025996278,278.52751759462245,253.23109195082623
7.906181498890499,282.1162323367421,275.67859758311585,253.1220848557826
7.909832994882686,280.1174398452431,272.06594586664437,253.01319435621753
7.9135325861295645,278.06481357404664,268.5570906920447,252.90442009892445
7.917276388501708,275.9876578586109,265.67469391406127,252.79576176945534
7.921059791301321,272.71053705072336,262.9638621804949,252.68721906016822
7.92487897079331,269.1212084016024,260.7184559866944,252.578791584942
7.928732929299798,265.4991938540079,258.2403243763268,252.47047905010277
7.9326298438209255,262.71221987362605,255.00660096849424,252.3622810873601
7.936577118580909,260.15056775029734,251.6937476406952,252.25419736005676
7.940576901753722,257.5548393856643,248.35564093846511,252.14622753000492
7.9446218662326,254.1541772440014,246.09659930930133,252.0383712367551
7.948691198154021,250.58278644180245,245.38559585935496,251.93062816001128
7.95276600608404,247.00658969918913,245.43508935682723,251.8229979493936
7.956835218714952,246.45221678088706,246.06128299966477,251.71548028594816
7.960894288773503,245.9549614697005,246.66314779325816,251.60807483097835
7.964942980493691,245.64060920279326,247.32447159334643,251.50078126607286
7.968974866123537,246.63217500665746,248.72530098173868,251.39359926810062
7.972981330713664,247.61748898792598,250.47405520384774,251.28652851356094
7.976952809075602,248.82360719756116,253.13076869891196,251.17956869844556
7.980879771781,250.78723061092614,256.18703479717914,251.0727194752987
7.984752275289829,252.72362245590693,260.3076046536153,250.96598057815453
7.988563281595312,255.11285678882177,264.52201021534836,250.85935167336726
7.992313459494059,258.99582845466375,268.8206696932929,250.7528324166621
7.996007044937188,262.82020372651914,272.6862080839848,250.64642250938704
7.999657454528396,266.5117139101749,275.2091331112609,250.54012162155158
8.003277294047983,269.4360831953154,277.3095330914328,250.43392943006103
8.00687792298713,272.3449327782464,278.1502533857079,250.32784557061757
8.010468605979325,275.24574730282256,278.8477161570325,250.22186967558088
8.014050335520917,276.45858244726764,279.54260172213026,250.1160013972006
8.017622899117526,277.4447793887232,280.28045537242247,250.01024035518031
8.021183564842342,278.4276919534402,281.4145499413085,249.90458614729556
8.024729685744145,279.09961355194935,282.5844395639929,249.79903839699546
