0.0,0.0,0.0,-1.0779196465456928e-13
0.023219954648526078,0.0,0.0,0.0
0.046439909297052155,0.0,0.0,-5.389598232728464e-14
0.06965986394557823,0.0,0.0,-5.389598232728464e-14
0.09287981859410431,0.0,0.0,0.0
0.11609977324263039,0.0,0.0,0.0
0.13931972789115646,0.0,0.0,0.0
0.16253968253968254,0.0,0.0,-5.389598232728464e-14
0.18575963718820862,0.0,0.0,0.0
0.2089795918367347,0.0,0.0,-1.0779196465456928e-13
0.23219954648526078,0.0,0.0,-5.389598232728464e-14
0.25541950113378686,0.0,0.0,0.0
0.2786394557823129,0.0,0.0,0.0
0.301859410430839,0.0,0.0,0.0
0.3250793650793651,0.0,0.0,28.73421249999988
0.3482993197278912,116.53752572131702,114.93685,85.0553775
0.37151927437641724,110.63740449088966,110.34781,111.08407624999988
0.3947392290249433,109.36649219345276,108.703835,108.25785124999993
0.4179591836734694,107.4876660531913,105.275925,105.95651874999997
0.44117913832199546,105.03267110407987,104.57039,106.4597175
0.46439909297052157,111.27789603328901,111.422165,112.8926814999999
0.4876190476190476,120.65036557729381,124.156006,125.08193174999984
0.5108390022675737,134.6452886475027,140.59355,139.73678149999986
0.5340589569160998,149.39830726527885,153.60402,153.34680249999997
0.5572789115646258,165.76777267790496,165.58562,164.03895
0.5804988662131519,171.6140645606161,171.38054,170.51950500000007
0.603718820861678,174.61396766822725,173.73132,173.7320925
0.626938775510204,175.62559665770186,176.08519,176.04912999999996
0.6501587301587302,177.66620840107737,178.29482,177.75297749999996
0.6733786848072563,178.6954717050162,178.33708,177.92547
0.6965986394557824,177.66638030515566,176.7329,176.78901000000002
0.7198185941043084,176.64309195689071,175.35316,175.51437249999995
0.7430385487528345,174.61424680662734,174.61827,174.93181750000002
0.7662585034013606,174.61412,175.13757,175.31709
0.7894784580498866,176.64289526795847,176.37495,176.77126750000005
0.8126984126984127,178.69538969265685,179.1976,179.1842525
0.8359183673469388,180.7717240076289,181.96686,181.11550249999996
0.8591383219954649,181.81899432358531,181.33069,181.2585
0.8823582766439909,180.77194772172322,180.40576,180.02667249999996
0.905578231292517,179.7307793077162,177.96448,177.5177499999999
0.9287981859410431,177.6664812793725,173.73628,173.6643975
0.9520181405895691,167.69546850947557,169.22055,169.77279249999998
0.9752380952380952,166.72889922972809,166.91379,168.0604000000001
0.9984580498866213,167.69458888384983,169.19347,169.78092
1.0216780045351475,168.66603651617868,173.82295,174.28492249999996
1.0448979591836736,178.6946485106085,180.30032,224.62905999999984
1.0681179138321997,181.81878937000127,364.09265,272.50082499999996
1.0913378684807256,182.8722433132943,181.51768,226.34893499999998
1.1145578231292517,180.7720669186779,178.26773,178.9930975000001
1.1377777777777778,178.69572871183846,177.91925,224.3377
1.1609977324263039,180.77166723281792,363.24457,273.3694
1.18421768707483,183.93139525092724,189.06921,368.21739749999995
1.207437641723356,188.2304733633528,731.4866,462.8252849999999
1.2306575963718822,191.52077941252068,199.25873,386.71541499999995
1.253877551020408,207.65064866265868,416.8576,363.9862825
1.2770975056689342,210.0648908130062,422.9712,419.2819749999999
1.3003174603174603,210.06515,414.3279,413.32504
1.3235374149659864,206.45676175903947,401.67316,403.5131599999998
1.3467573696145125,199.42449666695956,396.37842,397.60022999999995
1.3699773242630386,198.27523235794462,395.97092,396.9846975
1.3931972789115648,198.2751,399.61853,400.33562000000006
1.4164172335600906,201.74047708441978,406.1345,404.82933249999996
1.4396371882086167,204.08472614227318,407.4298,406.75253749999985
1.4628571428571429,204.08501,406.01605,406.0200924999998
1.486077097505669,202.909706930963,404.61847,404.47843999999986
1.509297052154195,201.7410383660188,402.66077,402.6481775
1.5325170068027212,200.5790997810356,400.6527,401.61463499999996
1.5557369614512473,200.57895,402.49237,402.7787449999999
1.5789569160997732,201.74073568014518,405.47754,404.9353174999999
1.6021768707482993,202.90940250376462,406.29382,406.2675149999998
1.6253968253968254,204.0848492942592,407.00488,406.88794499999995
1.6486167800453515,204.08501,407.2482,407.49433750000003
1.6718367346938776,204.08501,408.47607,459.97886
1.6950566893424037,204.08501,615.7151,514.3615999999998
1.7182766439909298,206.4560172664897,417.54013,415.94594500000005
1.7414965986394557,208.8549185978543,212.98842,319.14534749999996
1.7647165532879818,212.5054480973084,433.06442,438.3949400000001
1.787936507936508,221.27313130839582,674.4625,617.5462124999999
1.811156462585034,227.75729223095266,688.19543,628.1670150000001
1.8343764172335602,229.07746642264374,461.8147,517.042665
1.8575963718820863,229.07767,456.34583,455.97001500000005
1.8808163265306124,227.7584887312134,449.3737,450.0204474999999
1.9040362811791383,225.14267897113479,444.98856,445.81709
1.9272562358276644,221.27507700703705,443.91754,445.02314749999994
1.9504761904761905,223.84510818301135,447.26895,447.74386000000004
1.9736961451247166,226.44605820084337,452.52,452.65406250000007
1.9969160997732427,229.07722804484757,458.3073,457.86726000000004
2.020136054421769,230.40448450731543,462.33444,460.76604
2.043356009070295,230.40471,460.08798,459.447845
2.066575963718821,229.07790067642446,455.28098,455.2951224999999
2.089795918367347,227.75851192357044,450.53055,449.8786025
2.1130158730158732,223.84622542881743,443.17233,444.3547275000001
2.1362358276643993,221.27491199003512,440.5437,441.5264825000001
2.159455782312925,220.00023149144238,441.8462,443.32313249999993
2.182675736961451,223.8448239861055,449.05643,448.8765600000001
2.2058956916099772,227.75755400288273,455.54718,455.1909975000001
2.2291156462585033,229.07742261485816,460.6132,459.1368775000001
2.2523356009070294,230.40445858861602,459.77393,458.5205200000001
2.2755555555555556,229.07792400325394,453.92102,454.4745924999999
2.2987755102040817,226.44699876232664,450.2824,450.81810999999993
2.3219954648526078,225.1425147319243,448.78662,449.28683500000005
2.345215419501134,223.84578579975425,449.2917,449.5719549999999
2.36843537414966,225.14200166757485,450.9178,451.18117
2.391655328798186,226.44622762611795,453.59738,453.9505025
2.414875283446712,227.75801354317667,457.68945,460.716475
2.4380952380952383,231.73861355481733,473.88962,411.1427999999998
2.4613151927437644,235.7893213739426,239.10251,298.0434474999999
2.48453514739229,238.52933743617686,240.07915,600.2939274999999
2.507755102040816,239.91140852924113,1681.9149,1020.6195175000001
2.5309750566893423,239.9117,478.56912,778.70811
2.5541950113378684,238.53020686836544,475.7793,476.0002375000002
2.5774149659863945,237.15608,473.87323,474.35888000000006
2.6006349206349206,237.15608,473.90976,771.5640874999999
2.6238548752834467,237.15636845007137,1664.5636,1370.5909149999998
2.647074829931973,238.5301974225539,1679.3267,1675.9087
2.670294784580499,239.9117,1680.4178,1359.638735
2.693514739229025,239.9117,398.39264,1037.7082699999999
2.716734693877551,239.91142067385607,1673.63,1075.02376
2.7399546485260773,238.52991,554.4424,1111.6488
2.7631746031746034,238.5296376494675,1664.0804,1385.715075
2.7863945578231295,237.15608,1660.2571,1659.069225
2.809614512471655,237.15581455317476,1651.6823,1652.1966000000002
2.8328344671201813,235.79016,1645.1647,1372.4624900000001
2.8560544217687074,235.79094486204116,547.83826,827.686165
2.8792743764172335,239.9122254037785,569.90344,562.061835
2.9024943310657596,242.69960224024953,560.6022,566.8952850000001
2.9257142857142857,244.10528,576.4733,570.8690750000002
2.948934240362812,244.10502325169287,569.9275,572.4276500000002
2.972154195011338,242.69934,573.3823,634.55755
2.995374149659864,242.699090191191,821.5381,665.6207499999999
3.01859410430839,241.3015,446.0245,538.6123674999999
3.0418140589569163,241.30199011292953,440.86237,441.40994250000006
3.0650340136054424,244.10577027002876,437.89053,392.51592250000016
3.0882539682539685,246.9428866084246,253.42026,302.1078275000002
3.1114739229024946,254.17962090621882,263.70026,261.4414075
3.1346938775510207,266.19973904006054,264.94485,266.179915
3.1579138321995464,272.4210604509366,271.1297,270.0913675000001
3.1811337868480725,273.998662631323,273.16122,339.89617749999996
3.2043537414965986,272.4200458950763,542.13257,406.13756500000005
3.2275736961451247,267.7402804820303,267.1239,334.9310224999999
3.250793650793651,264.66479512366175,263.34372,263.78222
3.274013605442177,260.11871,261.31754,261.5603499999999
3.297233560090703,260.11894103179486,260.2626,261.04596749999996
3.320453514739229,261.6264956388171,262.34113,332.74828999999994
3.3436734693877552,267.7419422122906,546.0483,477.2125675
3.3668934240362813,275.58641541355394,554.41254,552.5652074999999
3.3901133786848074,277.18263,555.38745,553.6900175000001
3.4133333333333336,277.18217296439855,549.57263,481.1749275000001
3.4365532879818597,273.9978154788173,270.167,404.54818250000017
3.4597732426303858,266.19848589283026,528.2861,397.6464925
3.4829931972789114,264.6653001031834,263.84677,329.86590500000005
3.5062131519274375,263.14135691955676,263.48398,264.04332750000015
3.5294331065759637,264.66592143534876,265.35858,265.9711100000001
3.5526530612244898,267.7415950474608,269.6833,339.10526999999996
3.575873015873016,273.9993335084013,551.6959,481.58922500000006
3.599092970521542,277.18263,553.2818,552.515525
3.622312925170068,277.18242888510963,551.8026,550.976975
3.645532879818594,275.58578741945814,547.0209,546.9865375
3.6687528344671203,272.4206084683916,542.10175,544.0859750000001
3.6919727891156464,270.852338682903,545.1195,546.9514375000001
3.7151927437641725,275.5867492140836,555.465,486.2511675000001
3.7384126984126986,280.40448913799014,288.95517,357.7713025000001
3.7616326530612247,290.29310858426084,297.70987,297.4084100000001
3.784852607709751,302.27039337076485,305.25873,304.467645
3.8080725623582765,307.55339,309.64325,307.5421375000001
3.8312925170068026,307.5530070767635,305.62332,305.4287174999999
3.8545124716553287,304.0202740489275,300.82498,301.02738000000005
3.877732426303855,298.79758138455793,296.83624,297.2643500000001
3.900952380952381,295.3657755629384,294.55994,295.09215500000005
3.924172335600907,293.6649411144509,294.4125,295.00361
3.947392290249433,295.3664592313394,296.6295,357.38719000000003
3.9706122448979593,300.529197601909,541.87726,485.04210500000005
3.9938321995464854,304.02083,559.7844,491.3333550000001
4.017052154195011,304.0206675512451,303.88736,469.99748000000005
4.040272108843538,302.2696418875939,712.4308,506.74331500000005
4.063492063492063,300.52855324262066,298.2243,401.086875
4.08671201814059,297.07684128685304,295.4681,295.8286599999999
4.1099319727891155,295.36580546643467,294.15414,294.7201199999999
4.133151927437642,293.66505324036484,295.1041,295.7627199999999
4.156371882086168,297.0774109007698,298.68854,298.98469499999993
4.179591836734694,302.27007782075617,303.4576,303.12127999999996
4.20281179138322,305.78201,306.88138,305.78317000000004
4.2260317460317465,305.78187756777817,305.91232,305.58770000000004
4.249251700680272,304.0207017509829,303.64478,303.706195
4.272471655328799,302.2696758902619,301.6229,301.67514500000004
4.295691609977324,300.52886,299.81,300.55404250000004
4.31891156462585,300.52897730920444,300.97327,301.6261250000002
4.342131519274377,302.2701457029673,304.74796,305.49465499999997
4.365351473922902,307.553846314343,311.50943,311.67505500000004
4.388571428571429,314.7424484760676,318.9334,318.5425125
4.4117913832199545,320.24403345966107,324.79382,324.51927500000005
4.435011337868481,325.8417881643885,329.55606,329.17611500000004
4.458231292517007,331.53717690707634,332.79852,331.9049825
4.481451247165533,333.45754684404903,332.46683,331.83246999999994
4.504671201814059,331.5368729050823,329.5977,329.6668775000001
4.527891156462585,327.7289459898515,327.00528,327.40139000000016
4.551111111111111,325.84146,325.9973,326.4932549999999
4.574331065759638,325.84154663680346,326.97314,327.46084500000006
4.597551020408163,327.729291745065,329.8998,330.1690925
4.62077097505669,333.45773111615017,333.90363,333.56494000000004
4.6439909297052155,335.3894277913422,336.5527,336.11845750000003
4.667210884353741,337.33224,337.4648,336.8529824999999
4.690430839002268,337.33210000043937,335.92963,334.89833000000004
4.713650793650793,333.45738968151454,330.26926,329.968355
4.73687074829932,325.84122016297806,323.40527,323.38454249999995
4.760090702947846,318.39911928662264,316.45837,317.5328774999999
4.783310657596372,314.7421616357585,313.8095,315.96743250000003
4.806530612244898,316.5654869865,319.79236,320.404875
4.829750566893424,320.244022605571,328.22528,327.86373999999995
4.85297052154195,333.4577370267538,335.21204,333.91297249999997
4.876190476190477,337.33224,337.00253,336.37700000000007
4.899410430839002,337.3321681083338,336.2909,335.67291500000005
4.922630385487529,333.4576181154333,333.10733,333.2325075
4.9458503401360545,331.53704202871677,330.42447,331.0245049999999
4.96907029478458,329.6275842417788,330.14175,330.63351249999994
4.992290249433107,331.5370906311902,331.82608,332.45977750000003
5.015510204081632,333.4577185035771,336.0452,336.62732750000004
5.038730158730159,341.25189077615084,342.59283,343.30702
5.061950113378685,347.21686962785225,351.99722,351.7356675000001
5.085170068027211,355.33264209598235,360.3554,358.38134249999996
5.108390022675737,359.4614,360.81735,359.83724
5.131609977324263,359.4614,357.35886,357.04644249999984
5.154829931972789,355.3326420959821,352.6507,352.05307250000004
5.178049886621316,351.2513099283789,345.55203,346.8519275
5.201269841269841,345.2170412499486,343.65295,344.08157
5.224489795918368,343.2287174752588,343.46835,344.11302
5.2477097505668935,345.21697864135035,345.86243,346.6524025000001
5.27092970521542,349.2281790762812,351.4164,352.15815250000014
5.294149659863946,353.28601055910053,359.93738,358.42398999999995
5.317369614512471,359.4612974800732,362.4048,360.9300400000001
5.340589569160998,359.4614,358.97318,358.591185
5.363809523809524,357.39109245826677,354.01358,440.9074500000001
5.38702947845805,351.25142790449627,696.62946,522.4324824999999
5.410249433106576,345.2171473212454,342.45743,430.5343299999999
5.433469387755102,341.2519545496492,340.593,340.88707
5.456689342403628,339.28643566261593,339.90485,340.93563499999993
5.479909297052155,343.22858065265507,343.33984,343.7571624999999
5.50312925170068,347.2167014765304,348.44412,348.1471299999997
5.526349206349207,351.25115210368733,352.36044,352.042875
5.5495691609977325,353.28599647781937,355.0065,355.27395499999994
5.572789115646259,355.33255205499603,358.72238,357.86986499999983
5.596009070294785,357.390967582954,359.0282,359.1154025
5.61922902494331,359.46131306164443,359.68283,359.7895975
5.642448979591837,359.4614,360.76453,361.13616249999995
5.6656689342403626,361.54364442403426,363.33276,364.2136450000001
5.688888888888889,367.8631075945068,369.42453,370.49131000000006
5.712108843537415,376.4613817602112,379.78342,380.0567800000001
5.735328798185941,387.4924090518871,391.23575,388.625855
5.758548752834467,391.9951981691247,392.2485,392.75272999999993
5.7817687074829935,394.26611359829377,395.27817,394.5478675
5.804988662131519,394.26624,395.38663,394.7934525000001
5.828208616780046,394.26624,393.12238,393.6233725000001
5.851428571428571,391.99557970714886,392.8621,392.78488
5.874648526077098,391.99544,392.29294,392.30412000000007
5.897868480725624,391.99544,391.7685,392.3384050000001
5.92108843537415,391.99544,393.52368,394.75501999999994
5.944308390022676,396.5498841920621,400.20422,399.831495
5.9675283446712015,401.1575715220282,405.39386,405.1164224999999
5.990748299319728,405.81878860198503,409.47375,408.0220000000001
6.013968253968254,408.1698332251891,407.74664,406.5448325
6.03718820861678,405.81931136636433,401.2123,401.24575249999987
6.060408163265306,398.84795147365935,394.81177,395.44600499999984
6.0836281179138325,394.26661132376694,390.94818,391.39259999999996
6.106848072562358,389.7380859026348,388.86227,390.07149250000003
6.130068027210885,389.73771,391.61325,392.53110250000015
6.15328798185941,394.2658464078294,398.03564,397.6944625000001
6.176507936507937,398.8469928859904,403.09332,402.2669700000001
6.199727891156463,403.4813591049823,404.8456,404.04308000000003
6.222947845804989,403.48178,403.3878,402.58332499999995
6.246167800453515,401.1581201327341,398.7121,398.9710124999999
6.269387755102041,398.84762337798145,395.07205,394.9404075
6.292607709750567,394.26669185181277,390.90543,391.5107275
6.315827664399093,391.99566841010073,389.16,388.0471724999999
6.339047619047619,387.4934416771255,382.96326,381.1557174999998
6.362267573696145,380.8367855916392,369.53635,369.40595499999995
6.3854875283446715,361.5457935762133,355.58786,357.0328925
6.408707482993197,351.252405683319,347.4195,349.72731999999996
6.431927437641724,349.22845324739603,348.48242,349.7855850000001
6.455147392290249,351.2510628013227,354.758,354.3392875
6.478367346938776,357.3903484858233,359.35873,357.8385775
6.501587301587302,357.39105,357.87885,357.837275
6.524807256235828,357.39105,356.23267,355.7233149999999
6.548027210884354,355.33287725113826,352.54907,440.4606925
6.57124716553288,351.251788209476,700.51196,612.9055975000001
6.594467120181406,349.22848090636546,698.0494,611.36893
6.617687074829932,349.22823,348.86496,437.23774499999985
6.640907029478458,351.25103119107183,353.17166,353.56064499999997
6.664126984126984,355.3320999051173,359.0343,358.161915
6.6873469387755105,359.46085568079945,361.4074,360.04795
6.710566893424036,359.4614,358.3427,447.63944999999995
6.733786848072563,357.391331033289,712.465,533.794125
6.757006802721088,355.3329134342316,351.9038,528.2379249999999
6.780226757369615,351.25185995164065,696.6791,608.681665
6.8034467120181406,347.217401284724,689.46466,605.6316349999998
6.826666666666667,345.2172870844099,346.91812,433.6104200000001
6.849886621315193,349.2276463358372,351.14078,351.11924500000003
6.873106575963719,353.2854716282782,355.2773,354.97021000000007
6.896326530612245,355.3323242157535,358.18546,357.39829999999984
6.9195464852607715,357.39073842336256,357.94498,356.3247175
6.942766439909297,355.3329455969812,351.22345,350.6734200000001
6.965986394557823,351.2519237224535,342.3018,342.6271125000001
6.989206349206349,339.2882611979953,334.6814,334.19527999999997
7.012426303854875,327.7308796901766,325.11652,326.937395
7.035646258503402,322.0997572065776,322.83514,324.7553850000001
7.058866213151927,325.8408496341317,328.23474,328.7525149999999
7.082086167800454,331.53613000370115,335.70544,334.8334175
7.1053061224489795,339.2850859282987,339.68805,338.94836000000004
7.128526077097506,341.25151794370527,340.7119,339.8355125000001
7.151746031746032,339.286715895096,338.2302,337.6158899999999
7.174965986394558,335.39002360640893,333.29126,333.5450674999998
7.198185941043084,329.6285671859332,329.36755,330.05946500000005
7.2214058956916105,327.7293755775868,328.2115,328.69847000000004
7.244625850340136,327.72904,329.00333,329.81191
7.267845804988662,331.53638202717366,333.02948,332.7695325000001
7.291065759637188,335.3886465088349,336.01584,335.59889
7.314285714285714,337.33188140088595,337.3344,337.20945250000005
7.337505668934241,337.33224,338.15317,337.54611
7.360725623582766,337.33224,336.5437,336.1286849999999
7.383945578231293,333.45838783552153,333.27417,333.3332449999999
7.4071655328798185,331.5374394858603,330.24094,330.63861249999997
7.430385487528345,329.6279310856912,328.7984,329.329285
7.453605442176871,329.62756,329.4794,413.4702999999999
7.476825396825397,331.5366914553,666.124,498.9483
7.500045351473923,333.4572655096377,334.0658,417.3355675000001
7.5232653061224495,335.38895951062597,335.08667,334.4457725000001
7.546485260770975,335.38935,333.54395,332.4115025
7.569705215419502,331.53786377880124,327.47144,324.21249
7.592925170068027,325.84264472906284,308.36313,308.1695050000001
7.616145124716553,290.2992040379613,288.48032,290.1550250000001
7.63936507936508,282.02945126286886,275.29633,277.8723775000001
7.662585034013605,274.00063708924426,272.41653,274.48135249999996
7.685804988662132,275.5879149221978,277.79602,334.89541749999995
7.7090249433106575,283.66252557565326,511.5731,398.48329
7.732244897959184,288.62084417549977,292.99094,348.2148875
7.75546485260771,293.6654830992712,295.30457,295.1613500000001
7.778684807256236,297.07699,297.04532,296.5278525000001
7.801904761904762,297.0766391038103,296.7162,296.50265500000006
7.8251247165532885,295.36595,295.5329,295.53563250000013
7.848344671201814,295.3656077710981,294.36053,294.62705750000003
7.871564625850341,293.66510890629127,294.25427,295.0266475000002
7.894784580498866,295.36662701233024,297.23752,297.0563824999999
7.918004535147393,298.7982780696522,299.49622,299.005495
7.9412244897959186,300.52886,299.79202,299.6885450000001
7.964444444444444,300.5285286917409,299.67392,299.0612550000001
7.987664399092971,298.7969675068016,297.10516,369.5146699999999
8.010884353741497,293.66382406622256,584.17444,510.0224599999999
8.034104308390022,288.6194715623212,574.6358,576.90301
8.057324263038549,286.9577651909664,574.166,576.0427000000001
8.080544217687075,288.62038914881055,581.203,508.1661500000001
8.103764172335602,291.97460628573026,296.0926,368.478855
8.126984126984127,298.79855706766193,300.52722,299.61818000000005
8.150204081632653,302.26918971330133,301.32568,300.2073275000001
8.17342403628118,298.79675370184805,297.65073,353.16321
8.196643990929706,291.9722338228635,516.0257,402.06592000000006
8.219863945578231,285.3038671533459,278.56155,334.7442000000001
8.243083900226758,280.39968117745957,265.828,267.15323750000005
8.266303854875284,258.6200468498889,258.3954,313.56247499999995
8.289523809523809,255.65027297116603,471.6311,414.519525
8.312743764172335,257.13172861051044,456.4205,412.0558675000001
8.335963718820862,261.62630241392117,263.75137,312.7673924999999
8.359183673469389,266.19918933396616,267.14633,266.59458749999993
8.382403628117913,269.29153765516094,268.33432,267.71862749999997
8.40562358276644,267.7402954979191,267.05954,308.3135600000001
8.428843537414966,264.66504688504506,430.80084,392.25736250000006
8.452063492063493,261.6251180725426,440.36823,477.027625
8.475283446712018,258.62054,596.5732,524.3322925000001
8.498503401360544,258.6207594580675,463.81454,446.5044650000001
8.52172335600907,260.11914683617806,261.81558,313.2553300000001
8.544943310657597,263.1418058039146,265.57562,265.44251749999995
8.568163265306122,267.74098811035526,268.80325,268.1400499999998
8.591383219954649,269.29156491895526,269.37808,322.8258725
8.614603174603175,267.74014114693114,483.74408,426.725075
8.6378231292517,263.14054077835794,470.03406,420.5832450000002
8.661043083900227,258.6199499218558,258.52078,690.2495299999999
8.684263038548753,254.17759,1773.9225,1060.9914625000001
8.70748299319728,254.17835584600402,437.60007,727.9494675
8.730702947845804,260.1192872293411,262.67523,307.35360000000003
8.753922902494331,264.6660882826202,266.46387,266.39536749999996
8.777142857142858,269.29178,269.9785,268.97133750000006
8.800362811791384,269.29121978871103,269.46448,268.4939324999999
8.823582766439909,264.66514782035597,265.06827,264.94811500000003
8.846802721088435,261.6246971915484,260.19144,347.0858124999999
8.870022675736962,254.17675617260466,602.8921,425.9407175000001
8.893242630385489,246.94023290643963,237.78723,386.9283000000001
8.916462585034013,234.43211,469.24664,352.90111250000007
8.93968253968254,234.43240793363702,235.32394,294.701425
8.962902494331066,237.15637601328922,238.91118,238.2507350000001
8.986122448979591,239.9117,239.85664,239.5207500000001
9.009342403628118,239.9115569634239,239.45854,239.07327000000018
9.032562358276644,238.52963174468414,237.51936,237.41263250000006
9.05578231292517,235.79016,235.15327,235.92915500000004
9.079002267573696,235.79029339036435,235.89072,236.33558000000005
9.102222222222222,237.15634372092995,238.40761,238.1370375
9.125442176870749,239.9117,239.84221,239.56865749999983
9.148662131519275,239.9117,240.1826,239.76654749999997
9.1718820861678,239.9114524252493,238.85878,298.0940350000001
9.195102040816327,237.15595994867192,474.47598,355.7852125
9.218321995464853,235.7900432928061,235.33011,353.60327499999994
9.24154195011338,234.43199660199878,469.2769,410.27356750000007
9.264761904761905,233.08188,467.21036,409.540775
9.287981859410431,233.0820968735609,234.46548,293.4732850000001
9.311201814058958,235.79048199468366,237.75182,237.71387249999998
9.334421768707482,239.91180586346513,240.88637,240.33292500000024
9.357641723356009,241.3015,241.80714,241.29722750000002
9.380861678004536,241.30129970970756,240.68826,240.35449000000006
9.404081632653062,238.52981340276665,238.2343,238.21477
9.427301587301587,237.15598662674483,235.70222,235.82606000000013
9.450521541950113,235.7899801536323,233.6655,292.2372175
9.47374149659864,233.0817074483641,465.91565,405.9272100000002
9.496961451247167,230.40454459844796,458.21204,458.0609825000001
9.520181405895691,227.7581216084734,449.9042,508.1937600000003
9.543401360544218,225.14226,674.7546,562.616025
9.566621315192744,225.14233387225806,451.0507,507.32062
9.58984126984127,226.44649,452.42648,452.67822249999995
9.613061224489796,226.44649,454.80923,510.0265600000001
9.636281179138322,226.44642376969955,678.0613,621.116625
9.659501133786849,225.14219668322903,673.53467,673.838095
9.682721088435374,223.84553,670.22174,670.8455499999998
9.7059410430839,223.84553,669.40405,670.5811100000001
9.729160997732427,223.8455857187583,673.2946,617.015325
9.752380952380953,225.14236729748575,452.06805,508.98901500000017
9.775600907029478,227.75833153857127,458.52536,457.76133500000014
9.798820861678005,229.07767,461.92657,459.9606750000001
9.822040816326531,229.07762361528592,457.4642,513.73135
9.845260770975058,227.75819314013052,678.07043,620.0100150000002
9.868480725623582,225.14213913117374,666.435,667.2704324999997
9.891700680272109,221.27441266267056,658.1413,661.392215
9.914920634920636,220.00006989814483,662.85126,607.9397975
9.93814058956916,222.55637877467007,447.91537,503.46437000000014
9.961360544217687,226.44655166816074,455.17548,454.7709749999998
9.984580498866213,229.07767,460.81757,458.92171750000006
10.00780045351474,229.07767,458.87625,457.9829174999999
10.031020408163265,229.07762374887966,453.3616,510.18826250000006
10.054240362811791,226.44644936007944,675.1536,617.4612375
10.077460317460318,223.8454948485844,666.17615,556.3946300000001
10.100680272108844,221.27443506506813,218.07262,379.8831575
10.12390022675737,219.99985612586806,417.21124,359.49139999999994
10.147120181405896,205.26714399069442,385.4705,391.9982099999998
10.170340136054422,190.4180464633468,379.8406,382.98207500000007
10.193560090702949,191.52114192183262,386.7766,387.03126499999996
10.216780045351474,197.13312899953326,394.73126,445.6014199999999
10.24,201.74089,606.16656,555.7883449999999
10.263219954648527,204.0850054216496,616.089,613.9738900000002
10.286439909297052,205.26725538184485,617.551,616.1675250000002
10.309659863945578,205.26726,613.4791,561.8153425
10.332879818594105,202.90957841949512,402.75217,454.24975
10.356099773242631,200.57897275981873,398.01556,397.89584750000023
10.379319727891156,198.27512699818976,392.8001,392.9364949999999
10.402539682539683,194.86889656973335,388.13022,389.57112749999993
10.425759637188209,193.7465075368408,389.22397,390.5074699999999
10.448979591836736,195.99768042767494,395.45172,446.25727750000004
10.47219954648526,201.74077782892937,604.9017,554.8121175
10.495419501133787,204.0849596381454,613.99335,611.123425
10.518639455782314,204.08501,611.6053,559.4435374999999
10.54185941043084,202.90958984535177,400.5702,452.2540675
10.565079365079365,199.4237953162983,396.27057,396.9538975
10.588299319727891,197.133187106705,394.70425,395.6709125
10.611519274376418,198.27506431319478,397.00458,447.5174025
10.634739229024943,199.42366186296505,601.3562,550.894045
10.65795918367347,200.57890938582153,603.8592,603.1715749999998
10.681179138321996,201.74084688121707,603.6117,552.7847100000001
10.704399092970522,200.57899538819254,400.05624,449.88995999999986
10.727619047619047,199.42374738320825,395.83566,395.0281725
10.750839002267574,197.13321842316714,388.38513,338.0735949999999
10.7740589569161,193.74664213347228,179.68846,227.18311249999996
10.797278911564627,0.009081848984351382,160.9704,163.42354749999993
10.820498866213152,0.0,152.06493,155.3694825
10.843718820861678,0.0,156.37767,158.11210249999993
10.866938775510205,0.0,167.62814,284.5713124999999
10.890158730158731,0.0,646.6513,535.6475849999999
10.913378684807256,0.0,681.6596,593.2225824999999
10.936598639455783,0.0,362.91983,525.3582649999998
10.95981859410431,0.0,693.9338,480.4589425
10.983038548752834,170.61525590081874,171.04834,301.63084499999985
11.00625850340136,169.6432533398958,170.4929,171.19676749999994
11.029478458049887,171.614219102912,172.75293,294.88664
11.052698412698414,176.64268624324995,663.5478,540.9784074999999
11.075918367346938,180.77157969150426,664.0651,660.9176999999997
11.099138321995465,181.81899432358534,651.9928,657.898075
11.122358276643991,181.81907,663.5416,538.1308274999999
11.145578231292518,178.69576792543376,173.44731,294.79910500000005
11.168798185941043,175.6258898339065,168.7602,290.0854025
11.19201814058957,162.92174738418453,649.3739,407.838915
11.215238095238096,162.92073,163.84766,286.76890000000003
11.23845804988662,162.92073,170.00638,214.68814250000014
11.261678004535147,177.66505280333422,354.89215,311.2699124999999
11.284897959183674,181.81870501291974,365.28897,362.2227174999999
11.3081179138322,182.87224537045824,363.42078,362.6337374999999
11.331337868480725,180.77206281620556,358.40442,313.3957
11.354557823129252,176.64341707799394,173.35318,219.36020999999985
11.377777777777778,172.6088861163746,172.33006,172.76876749999997
11.400997732426305,172.6085,173.06177,218.50203249999996
11.42421768707483,175.62534946416122,355.55453,388.82436999999993
11.447437641723356,184.99625820279653,671.12665,597.4161575
11.470657596371883,187.14655748635278,691.8568,686.2054375
11.49387755102041,188.23079565838736,689.9815,609.7027899999999
11.517097505668934,187.1468964590498,366.99136,444.07770500000004
11.54031746031746,182.872807515962,352.3466,310.76022499999993
11.563537414965987,174.61503937035195,171.35634,216.74635249999994
11.586757369614512,170.62637178739897,171.92613,216.9902449999999
11.609977324263038,173.60806631530022,352.75238,311.5471374999999
11.633197278911565,184.99587537760635,368.75766,366.99917499999987
11.656417233560092,187.14652389938692,377.729,328.54591249999993
11.679637188208616,189.3210566773114,189.96799,216.23393875000005
11.702857142857143,189.32132,107.270775,101.12738499999999
11.72607709750567,183.93238369993423,0.0,26.817693749999954
11.749297052154196,183.93171,0.0,-8.084397349092696e-14
11.77251700680272,184.99707265065894,0.0,-8.084397349092696e-14
11.795736961451247,0.0242085720092291,0.0,-5.389598232728464e-14
11.818956916099774,0.0,0.0,-1.0779196465456928e-13
11.8421768707483,0.0,0.0,0.0
11.865396825396825,0.0,0.0,2.694799116364232e-14
11.888616780045352,0.0,0.0,-2.694799116364232e-14
11.911836734693878,0.0,0.0,0.0
11.935056689342403,0.0,0.0,5.389598232728464e-14
11.95827664399093,0.0,0.0,1.3473995581821158e-13
11.981496598639456,0.0,0.0,8.084397349092696e-14
12.004716553287983,0.0,0.0,-1.3473995581821158e-13
12.027936507936507,0.0,0.0,-5.389598232728464e-14
12.051156462585034,0.0,0.0,-2.694799116364232e-14
12.07437641723356,0.0,0.0,-1.6168794698185392e-13
12.097596371882087,0.0,0.0,-5.389598232728464e-14
12.120816326530612,0.0,0.0,-5.389598232728464e-14
12.144036281179138,0.0,0.0,-5.389598232728464e-14
