0.17961487780353036,353.0705050932139,356.30314160527075,349.1379946258642
0.18242281257027793,355.0447226705354,355.9642786942947,352.6524241992097
0.18523394457339593,357.0211881776579,355.49319631331707,353.9495250403717
0.18804828357639453,356.98534382607045,355.1534084854928,353.69135933230496
0.19086304021189854,356.48629547519585,355.38767068676634,353.57735835730165
0.19367567850179412,355.9876227009765,355.68860435232415,354.2191688678537
0.1964858218939866,355.4893922650284,356.0190033745808,355.4777140770054
0.19929320005668627,355.6736079035904,356.3896660334058,356.3709290082004
0.20209768301749453,356.1708347611431,356.75445045657045,359.7631715677233
0.20489981307633476,356.6676444558647,356.9883711925986,358.361190169803
0.20770032082499304,357.1641665196023,357.1678839812656,357.6561408889546
0.21049955014524702,357.39105,357.3145165018933,357.28407298339533
0.21329822639859009,357.39105,357.3090480236813,357.060775468625
0.2160970203516211,357.39105,357.28446472885497,356.84825594155603
0.2188962617175746,357.39105,357.19484234147023,356.64913421394317
0.22169659439861933,357.39105,357.00606431103995,356.34268222941375
0.22449845387057543,357.39105,356.80566595325,357.66325446949196
0.2273031359387403,357.39105,356.2880128770348,356.35532121364696
0.23011248724707212,357.39105,355.6207296115314,355.3938123126882
0.23292748011198391,357.26206984391814,354.86145634954266,354.5905286290554
0.23575036475302935,356.76158042076395,353.6357866617493,353.59256491280655
0.2385833315122953,356.25930346670634,352.3402818303976,352.24496300596525
0.2414267953188265,355.75516541600524,351.0296501708583,350.7556671308947
0.24428097929997988,355.08499468227416,349.6985544964128,349.34310951046933
0.24714597233301994,353.57861539968246,348.3858906022991,349.06354955581526
0.2500198964289502,352.0675402703804,347.52777107921446,347.6794130734113
0.2529001992737623,350.55311127073605,346.8443298030611,346.8115137636632
0.25578547177261235,349.164913038464,346.33147788183913,346.4757910964109
0.2586726707160446,348.66471390368196,346.3814420070004,346.5530068850463
0.26155926145293495,348.16462013898075,346.47744264070764,346.67213721115985
0.2644428149643099,347.66505256509794,347.11179198222146,347.08611097744324
0.2673193845338142,347.26696506040605,348.16239426691783,347.9048020649303
0.2701871044832924,347.7637895140133,349.2574955467153,349.5221681325085
0.27304447098900547,348.2588202624708,350.69064924475475,350.64651865856376
0.2758899364333852,348.75178918536704,352.18523597876987,352.1213553150468
0.27872208072838167,349.27138707134657,353.9981263269906,354.0842630643611
0.2815373541955984,350.7516243972102,356.42069462614603,356.50765058452356
0.2843335360564806,352.22182358339194,358.8486060487661,358.95143718160057
0.287109496255334,353.68139046003967,361.6335840300159,361.59472427977846
0.2898634300704914,355.12937612595243,364.612500421675,364.49226527379057
0.2925949058946702,357.8635085432227,367.6046329659206,367.82606662610726
0.2953031873129658,360.78658163803317,370.88563809218164,370.8965537088065
0.297987465982708,363.68374834511604,374.2083030345333,374.1229866287577
0.3006479302609536,366.55521195997864,377.5550850792527,377.54576606354146
0.30328433183297776,369.72557236000654,381.0709832872016,381.13919514216235
0.3058965650637532,373.1407894360292,384.5734585042315,384.5573922969216
0.3084853903928162,376.5254031705507,387.9928313645744,387.88497943940695
0.31105199167486175,379.8809613276536,391.261509515641,391.1888609412454
0.3135973426284321,383.1904100221989,394.49808515262947,394.591404316223
0.3161221771688473,386.1279930308295,397.64553584119255,397.67874962828733
0.3186275552992548,389.0429389840283,400.6484527659866,400.68120044920727
0.32111430235730687,391.9362081418935,403.6261146369075,403.5608536231325
0.3235836087769617,394.8091855451128,406.3269241825782,406.27642769556996
0.3260381109126189,397.50912047920406,408.50810978489403,408.57371779197996
0.32847961605990916,399.95268860371175,410.66438300237627,410.625718478691
0.3309088582399219,402.3839833992099,412.642391719557,412.52832822122116
0.33332771330126787,404.80488229932865,414.1980053269814,414.270182872746
0.33573757322908127,407.2167784653756,415.7285722439581,415.6145740833668
0.33813943293306203,409.0607296083711,416.96135562959716,416.6169821459853
0.34053723616044357,410.53425094414774,417.13548114253985,417.06685801708494
0.34293431262829516,412.00732566459703,417.21421300857537,417.2436546315416
0.34533117764335397,413.4802704410216,417.20908054790056,417.10500591313104
0.34772947430564366,414.9540950072121,416.71640061876093,416.6742665102013
0.35013083714059945,415.3047,416.14438755106835,416.1366523209788
0.35253559122871025,415.3047,415.54192057349724,415.5208786184052
0.354944694151688,415.3047,414.6435906952463,414.65170977260743
0.35735924910407635,415.3047,413.6675541890966,413.7336643261965
0.3597795103904339,415.3047,412.6906602393064,412.72175088430316
0.3622054378530132,414.831776534397,411.7374006835011,411.75160371943554
0.36463696653348043,414.3308146073424,410.7915133091815,410.809600947081
0.36707408548620923,413.82870093012036,409.8506742772468,409.9060071062571
0.36951608236026134,413.3255822666582,409.15178949296694,409.15842194373766
0.3719619001519714,412.73220283636886,408.57102518622435,408.5793696006412
0.3744111833510447,411.7316653754665,407.9948160522079,408.0830459008071
0.3768627963898785,410.73017617000505,407.79466161559617,407.8720313597636
0.37931492026764824,409.7284782857383,407.82481865032327,407.82378530311075
0.38176685693476325,408.72685687742705,407.856936072168,407.9800686212853
0.38421737244929594,408.17001,408.29810253566035,408.4012205310103
0.3866643208299936,408.17001,409.04716537832576,409.0335847489261
0.38910679639937606,408.17001,409.7948704095964,409.82170976790604
0.3915439355427103,408.17001,410.8407728981029,410.8186329422769
0.3939740258925606,408.17001,412.1760604876903,411.9985680819605
0.39639626900857966,408.84659945647553,413.5070361742172,413.44389646523354
0.39881007503342714,409.8326444153131,415.0628784264726,415.0195622593079
0.4012139551749855,410.8146346294535,416.92954626239265,416.8101487537813
0.40360711466616467,411.79224543482906,418.7898940673868,418.7625515282092
0.40598926984548334,412.7653609551139,420.7907412508967,420.8486407755837
0.40835925077765434,414.583007921657,423.10424718142053,423.0821120877212
0.4107163121004681,416.542430360053,425.41625130984295,425.53231281851816
0.41305978253018405,418.4905547042349,428.0268682775371,428.3861729435791
0.4153856970200793,420.42408481530174,431.8671214208907,431.9295532308662
0.4176907666664038,422.3402866312486,435.8034790116527,435.72375613476254
0.4199750919078443,425.15051472284273,439.74634374835586,439.7904514365252
0.42223787698678483,428.0548490710767,444.14204855748767,444.1400258365699
0.4244781352769931,430.93026979119844,448.63476111961694,448.64938176121524
0.42669617835922957,433.7771768039576,453.0829223260702,453.1926598673139
0.42889187173511445,436.59539747772936,457.81566383134566,457.86190189699863
0.43106431320691424,440.8139100735044,462.8348911125954,462.74920327980755
0.4332134442689668,445.6291983384783,467.8002718728604,467.8760679683576
0.43533975261815666,450.39335061488316,472.823908798075,473.0380231559123
0.43744233620668044,455.10434579740854,478.41970575118785,478.46430273104045
0.43952039710921087,459.76039607490964,484.0489182576385,484.00291378982536
0.44157456442676646,464.4154791433207,489.6134059683827,489.4643224525942
0.443606420719007,469.2387104604088,494.7348220026304,494.5075650785666
0.44561859349917654,474.01521695142856,499.235991376915,499.1461801130285
0.44761279490529315,478.74906289875025,503.6915298053906,503.6340242305917
0.4495895174215738,483.4414173640382,508.1035061344896,508.0485820131677
0.4515498127921848,488.094776983211,512.1670901567619,512.124545146021
0.45349503151931925,492.62990930059595,516.0092795710312,516.060140402028
0.45542587207935314,496.9875786235759,519.8230692785276,519.8914437281485
0.4573426979911172,501.31361861159075,523.5820441254878,523.5701681241783
0.45924689261596596,505.61115134082934,526.7402585228796,526.7932686911503
0.4611401492278117,509.8839983219518,529.6485830722622,529.7223041314047
0.46302306619155476,514.1335099908374,532.5410243798801,532.5136153813135
0.4648958960368672,518.0201822208093,535.3691393638275,535.1271117791149
0.4667604143093839,520.9495267181644,537.297453841212,537.1620258922238
0.4686188323820245,523.8692871920196,538.8890101502208,538.8972527409786
0.4704717778888333,526.7804497181677,540.4758797330247,540.4839264550295
0.47231934188967883,529.6831573607606,542.0328379255496,541.919881281985
0.4741626823859853,532.5792294557358,542.9546875953508,542.9118711214998
0.4760033607205732,535.4711190286644,543.6016495323844,543.648988239138
0.4778418509901484,536.9583989974451,544.2478424079571,544.3147239214891
0.47967817017276415,538.4388502778278,544.8878097502824,544.9249271353716
0.48151281837101945,539.9179544008321,545.2395564272067,545.2448680179178
0.4833465573612714,541.3963255150188,545.4282378921,545.4527888018924
0.4851796622204898,542.8741853890522,545.6168541084631,545.6572716731763
0.48701213451797354,544.35153528811,545.8048618394356,545.8420318366123
0.48884422841622155,544.8416,545.8422443803272,545.831590819733
0.4906763949233022,544.8416,545.7616044975605,545.7391849578344
0.49250883218510355,544.8416,545.6809526979566,545.6737682499869
0.49434154032169636,544.8416,545.6002889762036,545.611174360011
0.4961746374507108,544.8416,545.4493922436045,545.4026296416225
0.4980083743526853,544.8416,545.2196598871026,545.1617157378483
0.49984288434746954,544.8416,544.9897664007628,544.9788439495703
0.5016781685219098,544.8416,544.7597758973465,544.8332364273609
0.5035141227293305,544.8416,544.5920387259579,544.6399832002226
0.5053504795672431,544.8416,544.5209088448606,544.4938089882615
0.5071870744518647,544.8416,544.450875307751,544.4507235324988
0.5090239056108541,544.8416,544.3808327609329,544.4853020525336
0.510860749742133,544.8416,544.4431847490262,544.550767113456
0.5126969216591009,544.8416,544.779546654469,544.7556078096565
0.5145319464653675,544.8416,545.1240846375872,545.1085162756191
0.5163658122019867,544.8416,545.4684049977409,545.5212260190458
0.5181984530767607,544.8416,545.8530186060381,545.90063316161
0.5200296142410463,544.8416,546.3503623468366,546.3249612482526
0.5218590988375975,544.8416,546.8539358190948,546.8379996889425
0.5236869002909292,545.17785683077,547.3570459990151,547.374613581859
0.5255130000058632,545.6742901385448,547.8736408040721,547.8751069491576
0.5273372876590297,546.1702308292902,548.4449905968393,548.3954227757356
0.5291596673838672,546.6656528412561,549.021429000448,549.0173649740237
0.530980135726847,547.1605552355854,549.5972628133671,549.6200576355334
0.5327987466095225,547.6549526710916,550.1434857113762,550.0926669319036
0.5346158490059645,548.1498156835844,550.5100744733602,550.4769828217092
0.5364317927844959,548.6463488312006,550.8457105389622,550.8818648154488
0.5382466307626081,549.1425796200272,551.1811422224654,551.2403503393202
0.540060375884385,549.6385115893625,551.5097229779059,551.5159367164622
0.5418731631969607,550.1341816651177,551.7637234613359,551.7148787967585
0.5436851504493244,550.6296329805676,551.9968502465695,552.0083347240243
0.5454963727615482,551.1248751385866,552.2298786161095,552.2234443052347
0.5473068497650537,551.17235,552.4514161827018,552.2360771692037
0.5491171145180871,551.17235,552.3593638609341,552.1126998471814
0.5509279131339935,551.17235,552.1257356520348,551.9941674756769
0.552739478301451,551.17235,551.8920085430399,551.813869762561
0.5545518102583036,551.17235,551.65863066774,551.5856340986802
0.5563647794048715,551.17235,551.5041247592509,551.3172465086163
0.558178161049321,551.17235,551.407676193582,551.3344012711644
0.5599918599339389,551.17235,551.311210754861,551.4839501759807
0.561805876225281,551.17235,551.2147284341066,551.813708802286
0.5636186019529908,551.17235,552.0968469959009,552.7700314389014
0.5654264695609873,551.17235,554.1827841670192,554.4239815846712
0.5672275525149002,551.17235,556.2641399934757,556.2890346153489
0.569021921395416,551.2451206142197,558.3377369458899,558.2574495963609
0.5708092316642389,552.2310385212677,560.6670047890908,560.3015117700011
0.5725882292918921,553.2123710007452,563.5690796176483,563.025595839381
0.5743580797487493,554.1886577085711,566.4773823933904,565.995991755964
0.5761188898265139,555.1599575532937,569.3708295865929,568.9620273601737
0.5778708357251203,556.1263677304999,572.2240650299512,571.96383161948
0.5796142919713229,557.0880948370183,574.9289673740965,574.8723217083825
0.5813496129318187,558.772292737912,577.6017758320028,577.6376611988384
0.5830769405590187,561.2030845838917,580.262272648881,580.7020353530178
0.5847962087213212,563.622534701037,583.029972891664,584.5700628654339
0.5865016700617243,566.022555087792,589.7113087713044,590.7666245771242
0.5881853679399492,568.3919487158653,598.2110753707271,598.4314515487425
0.5898454709633119,570.7281383472541,606.591728700544,606.5279806322502
0.5914829443112293,573.0324822363048,614.8581412500529,614.6770191186787
0.5930988860647437,578.6480457792904,622.8619888955135,622.5077890806419
0.5946949180668291,586.2871828278244,630.289742796229,629.8775676983807
0.5962723982861774,593.8375249081892,637.597113603499,637.0715181766014
0.5978320007362321,601.3022980716537,644.8216691159016,644.1547111023996
0.5993743198871675,608.6843476490935,651.9661631011389,651.629285674335
0.6008998512968053,615.9860455441485,659.0911229069167,659.1166700687088
0.6024089656679861,623.2091660632227,666.2279088372717,666.3650226007661
0.6039020816887827,630.315724063531,673.289960803502,673.5279496573405
0.6053796966640175,637.0635614798371,680.2786968399707,680.5404386733056
0.6068422836272984,643.7427703406297,687.1963542730256,687.4841159468244
0.6082900107937612,650.354118835462,694.316106621256,694.5793588461936
0.6097225334821569,656.8960329054162,701.8631347120187,701.8462915791605
0.6111398028983868,663.3682897220488,709.3407850796159,709.4260678960015
0.6125422853406549,669.7730187335055,716.7404179439204,716.9359453005862
0.6139304342558172,676.1122906995656,724.0644257344746,724.0470598416546
0.6153048279976712,682.3887467936474,731.157213065561,730.8540313336936
0.6166669001696723,689.1231579490645,737.2187832615041,737.1119050750764
0.6180180111200134,695.8129784182292,743.0676607360876,743.0828239597677
0.6193585692181993,702.4505480442353,748.8708555527578,748.9502814456829
0.6206888179518038,709.0370724187883,754.6294217545918,754.569288412448
0.6220089915860771,715.5737114706617,760.344373461622,759.8985642349337
0.6233202628870027,722.0662719723327,764.9066503960854,764.3701782416973
0.6246251840236444,728.5273906009306,767.7583264576026,767.7488119654378
0.6259252907075011,734.964671198476,770.5821527838215,770.7452417898924
0.6272206504033662,740.8348410288245,773.3956686718251,773.5309576467732
0.6285113147323322,744.7254124672866,776.1989862422894,776.2127180796308
0.6297973402000707,748.6020005480359,778.9851601226862,778.749130091811
0.6310794723606727,752.4668526652149,780.9188300580962,780.7697926139425
0.6323589113244801,756.3235864248222,782.2674924659103,782.4515258549675
0.6336361482677068,760.17368242573,783.6138337137525,783.8883379400629
0.6349111945209813,764.017174822922,784.9578657454697,785.1319068553167
0.6361840613180931,767.8540974794714,786.2996004025867,786.3717659473199
0.6374547708975273,771.6845174309451,787.6252768644073,787.5482117291564
0.6387236552799236,775.1885905618079,788.5630155096385,788.5326983677829
0.6399911732750634,776.6675275016461,789.3242201172199,789.4185227033239
0.6412574700834159,778.145039563686,790.0846913442587,790.1772351722059
0.6425225492278455,779.6211308583974,790.8444313064206,790.9508089052555
0.6437864142143103,781.0958054765235,791.6034421092498,791.6160872300297
0.6450491061362269,782.5691113657641,792.314509975293,792.0484409108033
0.6463112893650393,784.0418237131174,792.2414868027603,792.0981316198147
0.6475738106426223,785.5149304949609,791.8903086765993,791.9056662621176
0.6488368920567422,786.9886908427649,791.5389747450871,791.5802897118758
0.6501005343536,788.4631056271948,791.1874848005293,791.2529448325612
0.6513647382810557,788.53249,790.8358386348691,790.8233888166666
0.6526295424075812,788.53249,790.4367753893512,790.2996373976575
0.6538954218799284,788.53249,789.4930341214617,789.4889270768454
0.6551629410238438,788.53249,788.3931708757376,788.4813744950335
0.6564322309205234,788.53249,787.2917710962768,787.3572468369995
0.6577032990121274,788.53249,786.1888283253012,786.2196930183821
0.6589761527930926,788.53249,785.0843360597637,785.0383726075545
0.6602508366647196,788.53249,783.9329877251301,783.8334194908917
0.6615276661171586,788.53249,782.4483272875534,782.437739057786
0.6628069775316422,787.7235340919457,780.8942285418598,780.9621602009865
0.6640888400634721,786.7235410961523,779.3370307161352,779.4243602750616
0.6653732690356557,785.7215459961442,777.7767151963607,777.8521040871628
0.6666602799252113,784.717536718154,776.213263180955,776.2247049023139
0.6679499247075209,783.7114727156979,774.60304189302,774.5618816700227
0.6692424024660508,782.7031986818953,772.8144350079484,772.8014357677595
0.6705378939227611,781.6925736338483,771.0033509503404,771.0727083490945
0.6718364356746135,780.6795690219232,769.188002610723,769.2887413010634
0.6731380493699197,779.664167958069,767.3683597249375,767.4460321654669
0.6744427569142792,778.2496411181259,765.5443916692059,765.4982342115574
0.6757508017076493,776.7409483373821,763.458081194735,763.3185708106677
0.6770628384363632,775.2276512769799,760.8938030922702,760.8592088473177
0.6783793206426099,773.709226823468,758.3107651679638,758.2864204690443
0.6797003025951722,772.1856123834848,755.7188984000846,755.6304636192865
0.6810258307529667,770.6567543715317,753.1181116329535,753.0196176388037
0.682355961755126,769.1225874602972,750.4977508812017,750.2503463368605
0.6836912345660218,767.5824900107812,747.3302046776571,747.1701832407938
0.6850324638026234,766.0047333743685,743.847333075929,743.8549242844858
0.6863800027482088,763.4734331149425,740.3480765746714,740.3695816229839
0.6877339413022514,760.9301114363204,736.8322017251429,736.8529767846476
0.6890943715195537,758.3745954170843,733.2994694817016,733.442266666194
0.69046120278127,755.8070552812619,729.9466215958006,730.2347180488274
0.6918335988647024,753.2290618411403,727.3631954114697,727.4898979956866
0.6932108093881744,750.6420246599373,724.8519500248044,724.8647536166145
0.6945928079240818,748.0459933808938,722.3319740382274,722.2845316151996
0.6959796447610462,745.4408735387624,719.8031757539541,719.7944743348696
0.6973713617514987,742.5911371439342,717.275054499519,717.3471531992451
0.6987676405620389,739.5420827445621,715.1069076688834,715.0969876413268
0.7001679799006157,736.4841613690671,713.1211020179813,712.9800327275294
0.7015722296544293,733.4177008188092,711.129751050704,710.9084395075354
0.7029804227670882,730.3426291548219,709.132808050095,709.0519325817006
0.7043925926473792,727.2588734223286,707.1302256394756,707.2806352914788
0.7058083524392047,724.1672783990898,705.5405847843683,705.7911663496478
0.7072265774327303,721.0703001142615,704.6734259447558,704.7078524615982
0.7086465367297345,718.305398695924,703.8181707062217,703.7433052668559
0.7100682236147766,716.2946828110398,702.9618749247003,702.9143828833752
0.7114916444088413,714.2815146292038,702.1045347929177,702.1927847858979
0.7129166121599537,712.266158559766,701.4363185128764,701.678355216641
0.7143420634844991,710.2501185642168,701.6281025088008,701.6684147669234
0.7157670186686589,708.2347802684335,701.9248735066732,701.8258044922701
0.7171913716419802,706.2202936896574,702.2215190839529,702.1050382654212
0.718615123167333,704.2066577489487,702.5180393995958,702.5053066708355
0.7200382473198523,702.50258,702.8407987241845,702.947901292108
0.7214603172883225,702.50258,703.5601291799402,703.5905381951482
0.7228808005298899,702.50258,704.4119422302674,704.3399947021902
0.7242995681171343,702.50258,705.2627264639713,705.1404305358034
0.7257166262515714,702.50258,706.1124855998617,706.0699124400969
0.7271319810273521,702.50258,706.9612933998209,707.0050226356508
0.7285454459695562,702.50258,708.0020511532438,708.0487287859833
0.7299566584941966,702.50258,709.2199775163207,709.2217476015174
0.7313654517215201,702.50258,710.4358159401548,710.4196761782295
0.7327718380515561,703.445991545655,711.649577126436,711.6556679667821
0.7341758297787675,704.4331017292719,712.8612716857114,712.8971149165391
0.7355773814342805,705.4184963617387,714.1297153387493,714.186777768332
0.7369762757383927,706.4020226793299,715.5723217553825,715.5881611695833
0.738372343949184,707.3835620439762,717.0239066472056,717.0079801837422
0.7397655915711666,708.3631183257576,718.4725587853153,718.4528749929441
0.7411560356316278,709.3407034961181,719.9182958743136,719.8886812679777
0.7425437034004903,710.3163367278335,721.3502982701639,721.2795772934165
0.7439287789602503,711.6162259765556,722.6153547267401,722.5926853728812
0.7453114867486819,713.095664953001,723.822866402817,723.8420376326238
0.7466918916780934,714.5726399674872,725.0283670038851,725.0858884226473
0.7480700052163647,716.0471632901616,726.2318665446503,726.2837503704181
0.7494458387365099,717.5192470896693,727.4333749571999,727.428023448826
0.7508195005833578,718.9890072904042,728.5298512833432,728.5067541097474
0.7521912549796563,720.4567265995552,729.4576830389925,729.4938625158708
0.7535612689476491,721.9225837238738,730.3820328869033,730.463313922372
0.754929551253964,723.2897843319676,731.3052143808143,731.3843868417755
0.756296108448384,724.2787279921813,732.2272319399223,732.1860217858484
0.7576610190502908,725.2664800540971,733.0706856535614,732.8207980076321
0.7590250607190678,726.253603290587,733.1601878105838,733.0572280107065
0.7603891129200764,727.2407341489924,733.0593659410299,733.0820818902475
0.7617533527528386,728.2280007918598,732.9585302029755,733.0244799093338
0.7631177802948047,729.2154032752378,732.857680590626,732.8755805373095
0.7644823956234781,730.2029416552137,732.7568170983301,732.6386300642295
0.7658475172314833,731.1908464170268,732.3142584515252,732.157892283448
0.7672139425360525,731.48935,731.3594925567037,731.3833376968857
0.7685821586727304,731.48935,730.3984934855847,730.4993180653007
0.7699521773735343,731.48935,729.4362283408025,729.4961422430762
0.7713240057816998,731.48935,728.4726921051414,728.4647434951717
0.7726976846688204,731.48935,727.4723347294399,727.3881030170816
0.7740735433851591,731.48935,726.166465750353,726.1366303862903
0.7754519470507859,731.48935,724.788616142852,724.7996795608661
0.7768329761173223,731.48935,723.4081421896984,723.4034942484494
0.7782166456437644,731.238491116712,722.0250288380477,722.0049902700746
0.7796029708336222,730.2352418468661,720.6392608904514,720.6469211580161
0.7809919440454147,729.2300762690054,719.2746117491442,719.2787657670251
0.7823835334336886,728.2230174288972,717.9321977663687,717.9316900814309
0.783777729748482,727.2140720205101,716.5872718088799,716.6026127450915
0.7851745476932299,726.203229403332,715.2398168689477,715.2506233260649
0.786574002112884,725.190478834438,713.8898186260498,713.9744546177636
0.7879759840368785,724.175899173133,712.6631522529522,712.852106024945
0.7893799024367536,723.1599181321029,711.9214548812262,711.9833502324723
0.7907852370279607,721.6909314676051,711.2275147938298,711.2510443111674
0.7921919441361593,720.1858142318999,710.5328969712183,710.5394252008417
0.7936000277906231,718.6792241497883,709.8375994240187,709.8424157628054
0.7950094900804328,717.1711589860419,709.1435914003944,709.1651630716265
0.7964202991894205,715.6616527826174,708.4829475906733,708.4676423644416
0.7978324127574861,714.1507508630342,707.8340293680972,707.7992876871193
0.7992458220929108,712.6384625270647,707.1845156926857,707.1603436050999
0.8006605307692792,711.1247839511241,706.5344049221655,706.5212237066387
0.8020765423766314,710.3174624032677,705.8836954068893,705.8267377556841
0.8034940436238001,709.8177193472967,705.0502997313779,704.9777484342758
0.8049134203722181,709.3173150794025,704.0196123380191,704.0253429370538
0.8063348782159943,708.8161771169481,702.987345537025,703.0436648686282
0.807758426405072,708.3143021988465,701.9535607212098,701.9773582778733
0.8091840741886469,707.8116870642742,700.9182511738826,700.859821051546
0.8106119476803645,707.3082872515995,699.7670074916513,699.6643995207465
0.812042502806232,706.8039420231462,698.2932184824384,698.320801305706
0.8134761033041933,705.7607082862258,696.7971869236686,696.891971426787
0.8149127884029276,704.2586249353099,695.2979364345935,695.3615773478431
0.8163525780995343,702.7532956644775,693.7954461472084,693.7902587307542
0.8177955543964915,701.2446347384781,692.2304740204854,692.1434701715023
0.8192421908561913,699.7321470382454,690.2895974818499,690.2747533198511
0.8206929749177672,698.2153229362991,688.2782476050855,688.2997254909025
0.8221480110741949,696.6940531831176,686.261002674248,686.3009828221094
0.8236073369337362,695.1682984585022,684.2378105497335,684.2276834671029
0.8250710317960654,693.651645583508,682.1703324836881,682.0008143259364
0.8265397088017041,692.1424945720163,679.604308025644,679.5021689479205
0.82801411651212,690.6274549281854,676.878070878558,676.8788759497384
0.8294944868016976,689.1062883876044,674.140808690901,674.1939202053449
0.8309808926010237,687.578920009855,671.3923866112009,671.4179989879663
0.8324734141527239,686.0452673409742,668.6274693874943,668.5932569084674
0.8339722430385261,684.5051335195982,665.7538561005816,665.7823852960701
0.8354776114087412,682.9582799977853,662.8310398964579,662.932504459506
0.8369896474402836,680.7136242790839,659.8952777921884,659.9765231064879
0.8385084405260247,678.1718946161216,656.9463962229802,656.9848927372334
0.8400340828995749,675.6187025372726,653.9835118513878,654.0490957718257
0.8415666807121591,673.053870396405,650.9971279786515,651.1307201476503
0.8431063456594279,670.4772112686828,647.9937305342196,648.1520458240951
0.8446531802896196,667.8885535376417,644.9763473149019,645.0577372040868
0.846207285707818,665.2877280019645,641.9447810967531,641.9285364758964
0.8477688838336912,662.53349958904,638.8021719967691,638.5935139136054
0.8493390085640231,658.9800030365604,634.9933699518396,634.8416232861944
0.8509187606789335,655.4047178470078,631.040382636378,630.9282416360927
0.8525084717124508,651.8068936946243,627.0624752852392,626.9693854703509
0.8541083324273869,648.1860988461976,623.0591705559727,622.8151860652536
0.855719051817001,644.5407287125806,618.6377825431065,618.2323163419234
0.8573426355143725,640.8662441574256,613.2288364514619,613.0560317681454
0.8589807274479634,637.1589246520323,607.7286365144795,607.7249474408649
0.860633782077013,633.0985136180507,602.1781965299426,602.3050553930337
0.8623021877977581,628.9660422187171,596.5969745614028,596.8836925889152
0.8639853233794309,624.7970864509571,591.6817608050303,591.8134995088026
0.8656820461275185,620.5944766529401,587.0791737571856,587.1260947166822
0.8673921772182426,616.3586557529898,582.4402147892845,582.5447140148559
0.8691160396656508,612.0888236781402,577.7640076825788,577.9962271427439
0.870853519919472,607.7079072458182,573.3451736854734,573.5382348804895
0.8726035878289495,602.0654426027604,569.4806896608131,569.47191203241
0.8743655882669572,596.3845058124402,565.6060342342865,565.5342167370343
0.876139743325679,590.6643808184745,561.704650683137,561.6315066985973
0.8779261100668211,584.9048836459119,557.8992130929653,557.9048391509483
0.879723802724186,579.1088701293311,554.6475155726744,554.6019299976484
0.8815319753447821,573.2790677399462,551.4508084618277,551.4021879728612
0.8833506914215052,568.9508195784351,548.2354613490639,548.2222387196861
0.8851800730774868,565.8881337286164,545.0394631412806,545.0517113486193
0.8870197142370435,562.8082717819875,542.1368300494371,542.1306889528017
0.8888691403215983,559.7120282611611,539.2872417740717,539.2538478783612
0.8907283910818362,556.5993366169505,536.4225156779212,536.3808308215265
0.8925975152743035,553.4701152228768,533.6047608433647,533.6410039568743
0.894475464514721,550.3549450912435,531.3913508076029,531.3899415967467
0.8963609855230219,547.305801021063,529.3274442654349,529.2879183404406
0.8982538873348689,544.2447211870976,527.2554586359732,527.2425889948693
0.9001541899748451,541.1716732068719,525.2124452622384,525.2395929739288
0.9020613335091592,538.0875625695273,523.4791856573614,523.4834539689014
0.903974679258815,534.9934221059182,521.8128546709413,521.8005552705566
0.9058941546589596,532.0683637184919,520.1411853778001,520.1850915349785
0.9078195540953916,530.0517573976452,518.6065816295236,518.7811448847557
0.9097490968629025,528.0308114745919,517.9088767844795,517.9642888872563
0.9116809847148003,526.0074093796358,517.3482084755053,517.3398652487
0.9136149684961146,523.9818120703103,516.7869318903975,516.7886618551385
0.9155509486871036,521.9541237806444,516.2817366825898,516.2819745304407
0.9174884224466116,520.1604120759772,515.9903906179405,515.9631975641294
0.9194269519064606,519.6601095137878,515.7195623340606,515.685942705347
0.921366499913431,519.1595440813429,515.4485917509082,515.4230114756613
0.9233068560429489,518.6587700857631,515.2900530216941,515.2467528426245
0.9252473001513675,518.1579733842765,515.4018462462021,515.3686238850643
0.9271873011942646,517.6572910307119,515.5254494231232,515.5320472751653
0.9291268372109749,517.1572145851126,515.6490229718186,515.6993012680653
0.9310657484667668,516.6596959690042,515.8577445058296,515.8908715213254
0.9330036333346798,516.162440720843,516.1954219242365,516.2154138138519
0.9349402488427455,515.6655111864827,516.5342071124626,516.5628248776923
0.936875594970249,515.1689073712387,516.8727820872139,516.8893299632086
0.9388095862091921,514.6726512161979,517.25820958864,517.2243844644444
0.9407420550292868,514.3471942908869,517.6875154537606,517.6919674675631
0.9426729226254511,514.8426489288764,518.1164656004246,518.1353233621911
0.9446021965143409,515.3376946265209,518.5431555908422,518.5124764470969
0.9465301335012997,515.8323972792754,518.8352297349253,518.7916933613838
0.9484571384895556,516.3268607840525,519.0448451837192,519.055072919707
0.9503833655738266,516.8211246810794,519.2543760137423,519.2626028796681
0.9523088321091783,517.3156228157052,519.4549642241365,519.3651025360547
0.9542339479526143,517.8124635441702,519.4435556028917,519.3438758857685
0.9561592730745813,518.3093582839813,519.3420480743205,519.3148720341304
0.9580849745828102,518.8063501628944,519.2405207017939,519.2133930277557
0.9600110873270449,519.3034481750552,519.1203087938981,519.0117002801436
0.9619380717286141,519.8007711476342,518.7709294553925,518.6892388230415
0.9638664813104385,520.1763980642091,518.3533117509105,518.3473596501802
0.9657964457933393,519.6783059816647,517.9353573159852,518.0157431628361
0.9677279117527366,519.1798263927379,517.547701848194,517.6925436681233
0.9696604145761913,518.6810792062557,517.3796620104035,517.4370714362419
0.9715934641538053,518.1821909115199,517.2549651677098,517.3056389822865
0.973526979852269,517.683182318661,517.1302382565884,517.2418561740228
0.9754608325830962,517.24108,517.074680189398,517.2453910415679
0.9773943152509814,517.24108,517.3282412305941,517.380364553157
0.9793267814048963,517.24108,517.618815204622,517.6112384707452
0.9812581633447635,517.24108,517.9092261515409,517.8572948536048
0.9831886418672605,517.24108,518.1033722422234,517.9829711347256
0.9851189245492713,517.24108,518.014308042105,517.9448461429677
0.9870495736075896,517.24108,517.9067532933634,517.8715590798105
0.9889806236910319,517.24108,517.7991762038207,517.739364999153
0.9909122590053236,517.24108,517.5929935871828,517.5008192850341
0.992845030415318,517.24108,517.1906812806186,517.1701576534286
0.9947793165224634,517.24108,516.7826818224414,516.8066814022728
0.9967151309547758,517.24108,516.3743599942197,516.4124692955419
0.9986526495193081,517.1916467307084,515.8740563197329,515.8998306068922
1.0005922714302828,516.6939457626838,515.2551082425995,515.2852453602841
1.0025342269829216,516.1956459894443,514.6349541049327,514.6741472051101
1.0044785261095113,515.6967448623959,514.013725567899,514.0378527218089
1.0064253145373585,515.1972049883635,513.3197453094118,513.3266711622692
1.0083748427173265,514.6969621024323,512.5700513161374,512.5779989936682
1.0103272264974068,514.1963666684355,511.8192591976075,511.8093091979254
1.0122824971925624,513.6975402317341,511.0575802827798,511.00332973156094
1.014241170113368,513.1978458230933,510.04295848424164,510.02516923004174
1.0162039605391673,512.6971009612596,508.91577552947484,508.93063845250146
1.0181711079755353,512.1952445438435,507.78609044905477,507.8117362003213
1.0201426829573368,511.6922585760703,506.63263785930644,506.6260486215925
1.0221191173720063,510.9678349917526,505.29241938676876,505.30431538009407
1.0241008918462065,509.4684749504337,503.9060541565413,503.9169739869305
1.0260881337571126,507.96497838589676,502.5158641399109,502.4763252446221
1.0280810106588063,506.4572185309954,501.0605254469018,500.99046953647223
1.0300801395200843,504.94472860286805,499.37806315586306,499.3600001239223
1.032086067630516,503.42709453617965,497.6695688835931,497.6466099566578
1.034098905915692,502.11408392198757,495.95518905946665,495.89557280814995
1.036119050549925,501.1097727580873,494.0764987480538,494.01243833894995
1.038147384983064,500.10139005082704,491.9587393496024,491.96427380948785
1.0401844930833768,499.08864553117894,489.82980875629653,489.8790327871263
1.042230478244189,498.07148779734257,487.69903213900363,487.8118592147583
1.044284989502709,497.0500913298198,485.77231118757754,485.85921615067116
1.0463474731562785,495.32982335139855,483.9358219936197,483.95236329923705
1.0484178137205187,493.30662092882517,482.0923368016623,482.06046492826886
1.0504961284922292,491.27562585795476,480.22940696763567,480.20305155728636
1.0525826531859217,489.23660779109537,478.30612247995145,478.29397389079634
1.0546776153182007,487.1893443918091,476.36900201014396,476.3370005441358
1.0567811314657356,485.1397735040907,474.42397008595907,474.37218224980006
1.058893343773116,483.12279813888654,472.45463880224867,472.38526938363515
1.061014432726679,481.0973463640843,470.4614672382489,470.41458988209405
1.0631445464296785,479.0632767542154,468.45981518411224,468.48353531686735
1.065283658932206,477.0206140891404,466.51143243326163,466.64452996613846
1.067430835772148,474.9702506972751,464.946846042223,465.01341126118166
1.0695851021412153,472.94507205629395,463.4458803171941,463.4594214583125
1.071746368317902,470.9283929114274,461.94004275711956,461.9544699657925
1.073914498637166,468.905308829801,460.5159318834261,460.50128871353144
1.0760891554332652,466.8761348875804,459.1713853308661,459.0846500781926
1.078270198847358,464.8410015871591,457.8228900608506,457.7437216512503
1.0804575233810132,462.9799149404472,456.5379735225491,456.5473416473941
1.0826502641689335,461.476104600374,455.5635815366652,455.5145245915243
1.084847609180926,459.96913662315274,454.62671994798933,454.6190370551844
1.087049480621158,458.45906436218434,453.69248489461836,453.7797389191456
1.089255304794606,456.9462812650263,452.99862645244343,453.0570543635828
1.0914641768824926,455.4885089123911,452.44119914897215,452.45850088034854
1.093675773760466,454.98873945045466,451.88308422207814,452.0095501674743
1.0958893875792333,454.4885142068044,451.61695565240956,451.84532321693314
1.0981026183178444,453.9883755303606,452.0395870556956,452.06993021824997
1.1003137112707435,453.48871994377174,452.4906792036529,452.4459509439618
1.1025226256483998,452.9895566645232,452.9316833401647,452.8670877905803
1.1047296436749723,452.89298,453.2685616570972,453.2228693495044
1.106935091058257,452.89298,453.577027390196,453.55440081069315
1.1091390395934275,452.89298,453.88528348629285,453.8935483254192
1.111341259339349,452.89298,454.28947966741447,454.28457249582635
1.1135412577158688,452.89298,454.8023896676764,454.75578502431097
1.1157387775440775,453.15935631153025,455.3148290131493,455.287944970853
1.1179339008261913,453.6554031239093,455.7959837913518,455.7653857513416
1.1201270661390423,454.1510074807692,456.1280985163026,456.15116957389586
1.1223186828335474,454.6462618858973,456.4403442973976,456.45327781204827
1.1245088072914924,455.1411790802659,456.7498730545026,456.69384363689517
1.1266978641285657,455.51657,456.88562981888475,456.83724378073885
1.128886524408177,455.51657,456.91539300449904,456.89227540308934
1.131075042129099,455.51657,456.94515425146966,456.8935691851394
1.1332635503375161,455.51657,456.91936492212017,456.85780142593285
1.135452559513491,455.51657,456.7360470630865,456.73102966466
1.137642470663835,455.51657,456.5430551488018,456.5503202366696
1.1398333174445021,455.51657,456.346020809959,456.3377062100508
1.142025279191491,455.51657,456.0787395077618,456.0955627090033
1.144218588326949,455.51657,455.78551823511907,455.83565293486777
1.1464133093969224,455.51657,455.4921082023684,455.5590118068457
1.1486093910794442,455.51657,455.2209100207206,455.2778059879818
1.15080669204835,455.51657,454.98673139415087,455.0299205206743
1.1530051231726102,455.51657,454.7529961555755,454.79315006961144
1.1552046674110303,455.51657,454.5263396890751,454.57103150409904
1.1574051809906254,455.51657,454.35242923660746,454.3780600203396
1.1596065113738971,455.51657,454.1890963047288,454.17363073040485
1.1618086348000718,455.3338373406442,454.0252396075605,453.91384773564886
1.164012171470942,454.83588929806643,453.60677377240404,453.51001051367797
1.1662182647617108,454.3373635188478,452.9736432103,452.9417067795597
1.1684274458793507,453.83813996256623,452.3396264673835,452.2982255187685
1.1706398168192205,453.33819558064266,451.6684069727238,451.60271247206356
1.1728557901684151,452.8377572368126,450.87022912941654,450.8447259122933
1.1750757199066997,452.33899581352034,450.05991447937146,450.0640365678568
1.1772996558616862,451.83933429581975,449.2472928768265,449.2646473188898
1.179527662167273,451.3387582744645,448.4170027909185,448.45674669671115
1.181759816993984,450.8372501865377,447.578976361848,447.65504825150794
1.1839961590674934,450.33480133137084,446.7393778986108,446.81756712693533
1.186236625884022,449.3861544093776,445.9324614877357,445.98645598099586
1.1884810337343383,448.3863277405127,445.17182552688473,445.19693501901793
1.1907292822373283,447.3847901584693,444.4102039283822,444.423666385283
1.1929813582708224,446.3815475088404,443.65991351694475,443.67140831992117
1.1952371043338674,445.376669954299,442.9652525314947,442.93630782229627
1.1974963757992771,444.7445895364708,442.27640242406227,442.193807753619
1.1997592016356782,444.24492406844774,441.5747664065996,441.4413231379976
1.2020262648572344,443.7443229230063,440.62485633649646,440.5396519468516
1.2042984826556822,443.24258357062314,439.57371162677487,439.53246883110364
1.2065761470388288,442.7396415316483,438.52004728683556,438.5308084015558
1.2088591788995346,441.9275438962769,437.5091914752044,437.54992533352083
1.2111473579519993,440.92573141207504,436.54933543906986,436.6021403210781
1.213440578998174,439.9217114379312,435.58745056437436,435.706996368313
1.215738598951901,438.91559040203197,434.7278605660319,434.9174874041909
1.2180403276169371,437.90784561501687,434.18462772956684,434.3255810224159
1.2203448812593283,436.9053740904235,433.6627013945359,433.76580412492586
1.2226522395213268,435.9067649362622,433.1297638211418,433.1636170638955
1.22496266323935,434.90682907332837,432.512759012981,432.5768938417867
1.2272764362551587,433.90544365681455,431.8767334590235,431.9287855923342
1.229593652863381,432.9025678766394,431.22821841772975,431.12516454630793
1.2319154878837075,432.171722703935,430.1607493321167,430.0928606487879
1.234243668954858,431.6722626911459,428.8808709025341,428.83590628711016
1.236578818739436,431.1713076942505,427.5971615398561,427.4116671406225
1.2389222994599358,430.66856547839114,425.83785145551866,425.6620091019524
1.241276965105946,430.1634237829089,423.5458250967406,423.48235474573835
1.2436444440082504,428.787844770324,421.2409587905331,421.10752414934643
1.2460258963795883,426.7735422033361,418.59104289683165,418.41196566099455
1.2484245197414499,424.74471590675125,415.2340791980332,415.26439369892586
1.2508427574557943,422.69929921304947,411.82849590506095,411.8609341969519
1.2532814600622721,420.6365727107393,408.2949267448588,408.22031722445763
1.2557423652515074,417.8346472661442,404.4325121602343,404.4127832585064
1.2582270647857656,414.7718580946812,400.5128732185091,400.54559487631565
1.2607362515394152,411.67888451284693,396.5775578532777,396.5308205710184
1.2632703480890024,408.55520562753054,392.67762426785157,392.62674385694004
1.2658298496937879,405.34839221682387,388.7443020514383,388.7361054655423
1.2684155520540887,401.76684478779816,384.7604467014387,384.73005435239355
1.2710284044113824,398.14769094149074,380.70800780678314,380.69407679174776
1.2736693782574622,394.48958503039466,376.61056648446936,376.6400534617775
1.2763384343801771,390.7925813686418,372.7380135738393,372.7527079710559
1.279033978865892,386.80340890851903,369.2435684286953,369.2563554206752
1.281755223146323,382.6746409043392,365.73112425546867,365.9931582594029
1.2844990920472439,378.5115460262889,363.17563314310763,363.3941657408692
1.287259920974806,374.3227187963694,361.2495992828342,361.2615963220627
1.2900355184453973,370.6808489061216,359.3211413861927,359.25878006936443
1.2928258075536756,367.6368932222665,357.4553195696305,357.4084501383682
1.2956306680307959,364.5770414791548,355.5974663291286,355.72242899977033
1.298448574305873,361.5029579380823,354.152289991503,354.44860456745687
1.3012735347048914,358.95421727225187,353.82238992419235,353.8600591811828
1.3041008843535362,357.4503570564236,353.55396479979345,353.540423807604
1.3069291528383633,355.94600811392513,353.5924806889489,353.6160157868925
1.3097561813020562,354.44231873557055,353.86424315126857,353.92232563597514
1.3125808820834524,353.4009035548888,354.17548964072205,354.30327115713567
1.3154017631175199,353.8985847867061,354.8234530021888,354.8536378579015
1.3182171990143732,354.3953053461082,355.54685814866616,355.49071651103253
1.3210268549080058,354.8910061534938,356.2848484417703,356.209458833799
1.323830551673606,355.38587109948224,357.0598989342192,357.00768124271417
1.326628173740151,355.88145468074026,357.8337843873878,357.6739567849268
1.329420651364877,356.37612695202154,358.37648373574046,358.2540895989629
1.3322095729815686,356.87016929575907,358.7467660725628,358.71353102639523
1.3349956969599537,357.36371605303856,359.0965497241246,359.0391408862289
1.337779878321729,357.86042660201656,359.24749056082595,359.22361610195463
1.3405630866146476,358.3571692993652,359.34768033130985,359.2644762169362
1.3433460488427977,358.85386807945576,359.3110154194049,359.15748108923094
1.3461308770087006,359.35089988922107,358.8664258102696,358.86861399062064
1.3489192652641206,359.4614,358.3941146969934,358.42432587498485
1.3517113967010683,359.4614,357.9048770101361,357.9497693257157
1.3545074136561317,359.4614,357.39872577510863,357.45167303440303
1.3573074328018566,359.4614,356.8824775500086,356.9110100223422
1.3601120265337783,359.1504858073959,356.2338757145317,356.280003766064
1.3629219038292848,358.6489832678483,355.54165086782086,355.57507524852525
1.3657373019300443,358.1464953835459,354.8381568325439,354.8485921802036
1.3685584287438097,357.6429850474357,354.09919516287584,354.1116554029109
1.3713854666958154,356.89101019991494,353.35583096062396,353.32808675380784
1.3742185733981422,355.8901628375296,352.58383244003943,352.552250714258
1.3770580080940023,354.88707999434445,351.7826355062808,351.7293631039626
1.379904020842799,353.88167333224845,350.95587789582123,350.8202284161008
1.382757865712936,352.87753446512244,349.85479265741736,349.780771404676
1.3856210389069064,351.87595698982756,348.67288632896526,348.67274526809507
1.3884935686977107,350.8711064479036,347.5792260518597,347.6305521840846
1.3913741838607936,349.86342753123427,346.7179862450594,346.7161935468547
1.3942619189971637,348.8582030086925,345.8673522682807,345.8339459341719
1.3971565035110936,347.85899093986194,345.0789973864722,345.0620042136129
1.400057552413572,346.8575473607665,344.3276423544344,344.3685958914734
1.4029646008959573,345.8540327235894,343.65603526178063,343.7893430061855
1.4058756499321632,345.0343420896447,343.38162510840795,343.4206802616221
1.4087888004411961,344.53501302437667,343.16038550564883,343.1945729566704
1.4117029749627923,344.03550843805857,343.1403102453306,343.18084108851883
1.4146163865795827,343.53613461757027,343.3401575244511,343.37776487446513
1.4175279066091753,343.2287,343.5863401635678,343.70555274677884
1.4204355542895468,343.2287,344.2555557622436,344.3043014593025
1.4233371325550757,343.2287,345.02534983362534,345.074209029043
1.4262317647888643,343.2287,345.909841920226,345.98102045954744
1.429118077984616,343.6027859011023,347.01742348640175,347.0200553056172
1.431995176853831,344.5919448936267,348.12904358832884,348.1041945520112
1.434862901675532,345.5778810482104,349.2898739372858,349.2558337014352
1.4377210287209026,346.56051744592185,350.4710768594652,350.442745157624
1.4405695423845,347.54331976473475,351.65146453579734,351.61413850494046
1.4434084725111138,348.52984431586464,352.84129000823157,352.80081181485787
1.4462378553973256,349.51305121328977,354.02862590464196,353.9426432177691
1.4490583919746063,350.4931840297907,355.0578044322674,354.97348973203776
1.4518715353116178,351.47310672364176,355.891660876688,355.86529965749276
1.4546781177150514,352.4588741097373,356.7197694513864,356.681043293603
1.4574784346742053,353.4424408582806,357.4859189303856,357.4647782145226
1.4602728510632574,354.42393512551763,358.22780102994346,358.21098340913557
1.4630615662580158,355.40437316544035,358.9490647253656,358.9178613412242
1.4658450037498545,356.3950777527833,359.58748755765623,359.58147896870906
1.4686235437320714,357.3840391771263,360.215551263563,360.2088109893022
1.4713974363654108,358.37134647779465,360.7933516676602,360.79879035986255
1.4741671763116342,359.3571757189816,361.29645087265783,361.32545271671063
1.47693305294462,359.9045787494578,361.8019525653514,361.88914313558206
1.4796945008921734,360.3994387769198,362.4563607596139,362.5487990371262
1.4824506798802866,360.8933545905263,363.1866523880913,363.2452619126437
1.4852013281464873,361.38627928163135,363.91540339244415,363.97747019836095
1.4879464811335774,361.8807363867383,364.642166830164,364.7064289628032
1.4906861740310942,362.3753926629934,365.3673811839334,365.4367284566986
1.493420463033826,362.86907325672803,366.0848985588227,366.17865347482484
1.496149465685097,363.36179939059207,366.7842396443925,366.8172020725772
1.498873278270778,364.07204041989417,367.4813310233351,367.3915657007273
1.5015929330283333,365.0609625935134,367.9063730867418,367.819999519593
1.5043105675069612,366.0491501523354,368.0277895709241,367.9917443536577
1.5070273594065884,367.03703133217516,368.13460931740224,367.9939037204887
1.5097449440483426,367.86341,367.8131697532352,367.7357619041892
1.5124656468050777,367.86341,367.2913919941019,367.24893413650483
1.5151905088976871,367.86341,366.69119845082446,366.57696400667993
1.517921934728557,367.86341,365.5289542529771,365.5140689106768
1.5206624931246941,367.86341,364.25156436907633,364.2251272544435
1.5234132069952195,366.9495564612141,362.8351788533006,362.76185531199826
1.526176107530667,365.9449092369964,361.0461878201045,361.04667017791735
1.5289528476855314,364.9352296436965,359.2274569383048,359.2309657496252
1.5317439467427558,363.9203288594007,357.3411129578491,357.3511381706793
1.5345500788391364,362.18461930179,355.3890558148085,355.37018929368134
1.5373718245819024,360.1642712428245,353.3976211542645,353.31621022484967
1.5402109856000785,358.1314539817838,351.043697711313,351.01827736712534
1.5430697435091705,356.0846054988922,348.56958753973043,348.6222175869495
1.5459485036539118,354.0555413636473,346.18215183005447,346.31204096692574
1.5488460617314384,352.0317890533556,344.06074871922726,344.0700443232055
1.5517615190717056,349.99553529413515,341.94449843096953,341.90304865477486
1.5546944507926264,347.94707683796923,339.9727474436037,339.9066651833332
1.5576440824444981,345.91508598086466,338.0832833890929,337.98188503675357
1.560610034838123,343.88738450155233,336.2414043453673,336.20841548086577
1.563591254277965,341.84924556132,334.6288872253825,334.54341038529424
1.5665867837150211,339.8013234557941,333.0365182909228,332.9939798168198
1.5695954255943252,337.78224986984856,331.7178626507287,331.7490038946941
1.5726151658398013,335.76840277159795,330.5926706673914,330.69789773206105
1.5756442464991491,333.74832660599645,329.6749447384844,329.93392160341875
1.578677912211845,331.72519269514873,329.5934849254814,329.74036396247436
1.5817118634008431,331.08446787402727,329.6129021079861,329.9692721334016
1.584741330978081,330.58620787114944,330.5704987450217,330.8156394301514
1.5877594928606218,330.08980732882986,332.087955526374,332.1037539359323
1.590763469711938,329.72365757340924,333.70003972747077,333.6600964144577
1.5937514583598875,331.2078095658118,335.65223979233093,335.5692543737429
1.5967220359192433,332.6833133654428,337.62327686952534,337.51209782985956
1.5996750477080237,334.15009214082875,339.6574740949512,339.5062647954816
1.6026102828501059,335.6863836799462,341.72521631238527,341.6237622006412
1.6055276928887916,337.65459352390235,343.8207511573673,343.82545039721134
1.608426672048342,339.61036910689904,346.0847042393736,346.11273904538547
1.6113067187404229,341.55337203594945,348.35590978803276,348.45917215517557
1.6141672363211046,343.4895976152869,350.826991782105,350.9068470758876
1.6170067999946571,345.45344719561524,353.5168437763626,353.61068386947386
1.6198249281320747,347.40247190371554,356.18411821834275,356.2383103082383
1.6226222330621152,349.33709522774086,358.7993421149913,358.8095630302413
1.6253993336380659,351.25955729803036,361.38551833351596,361.2758049130391
1.6281573135765788,353.70244633573657,363.79089673404053,363.6052940901128
1.630899448335554,356.1313004579408,365.57221099051264,365.5287813767454
1.6336285004972093,358.5485666301638,367.286976446117,367.19311737733113
1.6363455581666315,360.95520864476293,368.8065359148553,368.6474794631465
1.6390525303875418,363.0317374737408,370.028334239204,370.12885503069145
1.6417506150868695,364.99731078468176,371.2402205203803,371.3252508868431
1.6444408727173494,366.95718202198714,372.18420173537595,372.343237463066
1.647124961413401,368.9125591480174,372.94844117167065,373.0806622826801
1.6498037282274116,370.2146084108008,373.66445135274597,373.66683567137017
1.6524798477587896,370.70823040381066,373.68632213192717,373.70287270762674
1.6551566387349599,371.2019762477594,373.4770442694017,373.3400386001745
1.657835350831721,371.69607645083283,373.150555185862,372.6736101562266
1.6605188576458083,372.13778,372.1442343633754,372.046468637645
1.663210038587847,372.13778,371.0256135035832,370.8868809136805
1.6659104639595759,372.13778,369.6011851233411,369.44480097722095
1.6686243592464827,372.13778,367.3537776456935,367.3722104158817
1.6713551315912616,372.13778,365.0470187072322,365.0002518521945
1.6741053714606724,370.8859125267693,362.17363086465804,362.0526144170595
1.6768800357217146,369.35934335001275,358.6515081807713,358.8546934264483
1.6796816821462595,367.81792908381465,355.23083730671783,355.88140934334365
1.6825004726833734,366.2670824426159,354.29456241732737,354.19369268334
