0.2792751246839858,240.8536812636483,264.5690334817427,258.13156430612105
0.28307886992095654,246.495182586557,261.2494924315324,258.7416654244064
0.2869319938606721,252.2099196283437,257.8323508048396,257.5750183702545
0.2908129035817896,257.20321941440295,257.51093767454694,256.8065018652119
0.29469255502584646,257.7009710088888,257.9997537038035,256.96948321098586
0.29855492045681803,258.19650484214026,259.82406686695936,258.8939301409936
0.3023887293881893,258.895833134343,261.85827192936654,261.65740376693157
0.3061914598001919,260.87579792836914,264.0890776328597,264.1898479213216
0.3099629628377167,262.8395035887263,266.2119805625199,268.871148125191
0.3137073383074229,264.7600828760966,267.92800059063353,268.8234577242969
0.31742896623812067,266.2430506320784,269.4756908819254,269.23858585535646
0.3211323985000556,267.7187679077392,270.5660898544904,270.1365575605308
0.32482168096933384,269.1888468749354,271.5465182902764,270.95003095424227
0.3284994425090161,270.213356571883,272.2634744880673,271.78306841592143
0.33216774787470116,271.20200436304026,272.94826656335937,272.51760571783444
0.3358269647344386,272.1882027039925,273.6175905455391,273.1815349723637
0.33947751682763627,272.79970060775446,274.2454657203823,275.32618193813147
0.3431211705592023,273.2949738917216,274.6544181636394,274.9071002041446
0.3467599283348317,273.78958167991084,274.98390404030164,274.80431980994916
0.35039647259191165,274.28553904274224,274.98877847644576,274.9844873819345
0.35403343704287654,274.78276627740536,274.9203718365996,274.97550538427066
0.3576718348957895,275.2801894794738,274.77216488980355,274.7645766025029
0.36131235108002213,275.3944577110012,274.60053227584035,274.37158881040364
0.3649554290564537,274.8963946663095,274.38587940639553,274.0335727494839
0.36860152235206356,274.39791938255496,274.14654107965146,274.61951628503465
0.372252204132419,273.99892,273.6967026671427,273.71566931695514
0.37590946820877785,273.99892,273.16069665083717,272.97461098189405
0.3795749515363864,273.99892,272.4708118183995,272.4508521404393
0.3832502157332615,273.96633283850696,271.7088210747586,271.7912398035199
0.38693613259834597,272.9671826867455,270.89822532275406,270.9407487496813
0.3906332692903368,271.964991150122,270.0622376005211,269.9424883432609
0.3943413789308611,270.9598251505375,269.29722515918235,269.10960865478637
0.3980597520311371,270.40570798698934,268.5733887162377,268.91344193033405
0.40178776010986217,269.904790215867,267.90696325205096,267.95228251396225
0.4055248148350964,269.40265688246325,267.2746006640289,267.1438053860651
0.40927117310479333,268.51353520181107,266.57807987073306,266.56203133822675
0.41302761742196026,267.5127614904809,265.8413202114704,265.95085385046696
0.41679386384417494,266.50937634977254,265.1921716103546,265.276605199892
0.42056893162852826,265.8541704665337,264.6003011100342,264.56214451854305
0.4243511721845953,265.35469644429804,264.1871177385153,264.09022864400845
0.42813856625815216,264.85454186034997,263.8806340864392,264.04486181792885
0.4319304701922889,264.3555869730992,263.55908434194805,263.56689489537536
0.43572705697109837,263.8571059203735,263.2300809355388,263.1610569076835
0.43952806557157176,263.35804429503173,262.9462034048464,262.9511482531109
0.443332999487714,263.14115,262.68723190698637,262.74535249081373
0.4471413027942631,263.14115,262.48110347027534,262.47604329410063
0.4509524343374259,263.14115,262.297488450732,262.10924793412164
0.45476659453024293,262.88312354537936,262.0644402440964,261.8785054374342
0.4585842461141284,262.38476382208,261.817951535723,261.8648831437567
0.46240450711995584,261.88606346245797,261.706511209803,261.66135230334163
0.4662260108542732,261.62557,261.6476876376686,261.53078407124644
0.47004813020312974,261.62557,261.62221112653344,261.59170441508877
0.4738704302686479,261.62557,261.6229464283186,261.7126261332329
0.47769141475956267,261.62557,261.8024272971792,261.8973719727158
0.48150907241539076,261.62557,262.07916146123193,262.1624693192209
0.485319453676829,261.62557,262.80369767122215,262.874355082975
0.4891179683758685,262.0177951494003,263.7194854382765,264.0127003720041
0.49289848084110305,263.00767723928533,265.3141284012841,265.3928774829848
0.49665521490301057,263.99133323792057,267.0689727780093,267.0017988879933
0.5003866135966598,265.12638913727983,268.92952613156535,268.87033535386126
0.5040920920063857,266.6029217473197,270.81845625558884,270.8405106905991
0.5077709884348244,268.0688621590332,272.830278642994,272.8755268845373
0.5114224771680904,269.6075719282367,274.8993423233133,274.9483966003871
0.5150437686033996,271.5708670884788,277.4011489826855,277.33627942543586
0.5186319259288704,273.5161984811957,280.00012989125133,279.8929610095077
0.5221877380014046,275.44399378777274,282.4701379371304,282.40295234475985
0.5257129094160818,277.8556838568985,284.888467390678,284.99195192521205
0.529205470273884,280.28492087407346,287.77176199985115,287.8461501565717
0.5326617465256354,282.6889202757105,290.902626579832,290.8182618445858
0.5360825037713985,285.40408085068316,293.7773746892212,293.68623423514146
0.5394714547049562,288.32403717055024,296.38729708252293,296.3577312982437
0.5428305020920237,291.2182282753781,299.03134670824585,299.0801593314022
0.5461593889214676,293.95410760568103,301.78269248532786,301.8738433104297
0.5494579525741119,295.9042917385388,304.5544913786423,304.6452058335773
0.5527255308461612,297.83615662582486,307.5341040123808,307.533982345427
0.5559615634217092,299.7493709963239,310.5210816439936,310.51147184694383
0.5591670120626042,302.5443481655333,313.4301021941941,313.46473302556274
0.562343100353158,305.93667855343006,316.288287171859,316.28168129556343
0.5654914998357448,309.2994349572058,318.9664058715448,318.85621703416325
0.5686150353929221,312.63563458988074,321.34246975147005,321.3036791814341
0.571715818622958,315.6152910255252,323.66421590078517,323.61449403635595
0.5747956941436723,318.5427458676921,325.71918115659577,325.6842050445268
0.5778565130653428,321.45208720729335,327.7067667174942,327.6690449191435
0.5808993761112975,324.22523266279927,329.57425947658436,329.554716960444
0.5839256195512258,326.19902109734176,331.31569405177595,331.3371382037808
0.5869362791935424,328.16264540592977,332.9947943635364,332.96235726534064
0.5899332510638249,330.11734222184515,334.34821476730053,334.3343993638237
0.5929183732888152,331.80529396666986,335.6436065717249,335.62100210622975
0.595892940992437,332.79227653973686,336.72474079528564,336.7158118355796
0.5988589380109395,333.7764152989476,337.58587018985787,337.5890830676324
0.6018175243360924,334.75809513776414,338.41367124271443,338.3749892013999
0.604769843901772,335.7417421774783,339.02031222080257,339.02820480698057
0.6077170743819964,336.73101397750827,339.58334303875307,339.64508446327875
0.6106595387601548,337.71868598057586,340.1194459026366,340.1883383406658
0.6135975258513214,338.70485513078165,340.6191058481509,340.63065905695004
0.6165313100136611,339.48975112769597,341.0946339766061,341.07475191601367
0.6194621135035814,339.98591015744046,341.31215654747206,341.3355818139572
0.6223913565901454,340.48180502474014,341.45811286768975,341.4480304914467
0.6253197299175506,340.97755264953037,341.51492035856484,341.4799008457328
0.6282483968780882,341.25185,341.38965508216296,341.38139364461057
0.6311781797035387,341.25185,341.2548264971848,341.2613793267809
0.6341095346146374,341.25185,341.02360458928916,341.0335014142099
0.6370430526148685,341.25185,340.751764712489,340.7001078015956
0.6399792150976957,341.00989656347383,340.4096207006954,340.3653078238004
0.6429192546426782,340.5121739515465,339.85379230259,339.852220665623
0.6458641787394823,340.0136244283298,339.2813416623904,339.25098502865444
0.6488143616241298,339.51418463898545,338.6433327114709,338.61783296280834
0.651770283402229,339.0153447538646,337.965237791613,337.9019703728857
0.6547322560064929,338.51679960787874,337.26118783990836,337.193708619055
0.657700870331011,338.01713655911783,336.45477752045076,336.39962611668795
0.6606766621947574,337.5162654210798,335.6362349432202,335.58360533491356
0.6636591602006131,337.01609611867616,334.94330329211186,334.95508876070966
0.6666474173864434,336.51602247494,334.34366935008984,334.3604113828989
0.6696407166750314,336.0151050541988,333.81579467726834,333.8952197615696
0.6726372506957958,335.5136463131477,333.62203672745494,333.64544950157045
0.6756353336200918,335.01410211421785,333.4709533892963,333.5048038451223
0.678633540224472,334.51525321691537,333.59450690642166,333.62611836215075
0.6816296846525634,334.0167474295128,333.9302249205802,333.9314318112275
0.6846221387105595,333.5188556548503,334.41790209866815,334.5057197756591
0.6876070554194467,333.8930820373596,335.6197000448142,335.62491364431804
0.6905809172119373,334.3878803857277,336.90898146833376,336.96219585341413
0.6935419336261527,334.8805414888578,338.5386903218057,338.60200190577683
0.6964875103624018,335.3706337008657,340.45087314258205,340.5100082878324
0.6994162458934929,336.8114207623258,342.44350480167225,342.60075740555874
0.7023256916804561,338.2805530556997,344.98201193926093,345.0531424765204
0.7052134915695369,339.73875519607327,347.59662274236905,347.73530479923494
0.7080778569022856,341.18512399566316,350.6516995443737,350.7870800904617
0.7109148265096662,343.581458130389,354.3452424196487,354.346673256178
0.7137224866788038,345.99963465077496,358.0105376458013,358.0077720642307
0.7165013076311824,348.3929725822179,361.73848191207327,361.744655863424
0.7192516241142327,350.7617602353853,365.4697014430488,365.4145003374002
0.7219743454162367,354.72925521976117,369.10752081706914,368.9420898345225
0.7246716190295263,359.08372119559704,372.3965447018716,372.3265833076383
0.7273454493313447,363.4003403984327,375.60786763164947,375.573762426764
0.7299964763108122,367.68014602372705,378.83050999072907,378.8178178538012
0.7326247749792023,371.33716081110117,382.13234364768977,382.14806970494317
0.7352305350123207,374.26562885011265,385.41205498221626,385.2992817219886
0.7378154228021798,377.17063974168525,388.3269027390744,388.1830439362035
0.7403830160251696,380.0562142363211,390.61942959546394,390.66497132352026
0.7429356652469805,382.92499400340307,392.88687168234924,392.8925476333574
0.7454743420317784,385.395654876939,394.9304152688107,394.91015119387214
0.7480008866116449,387.838196745929,396.66837800353306,396.6799062396718
0.7505164156484205,390.2700893172882,398.3967643282551,398.31213627399154
0.7530218721895587,392.6922442839694,399.8636407787844,399.8194591636379
0.7555191826153426,394.7821841053274,400.9995610503546,401.05306466482796
0.7580094424969492,396.26039464931307,402.1310618088294,402.09809708362127
0.7604936835114133,397.735032412426,402.94462559534713,402.8655458711928
0.7629741948130373,399.20745622956207,403.3409502539622,403.3709590789525
0.7654522770666587,400.6784381713358,403.73495440211263,403.71581259128834
0.7679286234264593,401.49189488443415,403.9065462965395,403.8284277779754
0.770404902656932,401.98755171286746,403.756840006162,403.7525443460858
0.772882108426671,402.48339399918797,403.6044602441106,403.6245286875745
0.7753605035832098,402.9794743554651,403.3694254100442,403.3691171869578
0.7778407498004667,403.475925223627,403.00229714390423,403.0299960269824
0.7803232628358715,403.48178,402.6331180403559,402.6291255440597
0.782808306715912,403.48178,402.1818973900927,402.15123084722455
0.7852965788284263,403.48178,401.5891522560634,401.6121610300953
0.7877885367495864,403.48178,400.99306082023554,401.00247515386013
0.7902842280071056,403.32080417044335,400.38857319894674,400.3560139735634
0.7927837349945215,402.8204980293653,399.769700605386,399.76143842726714
0.7952871182605064,402.31941600489006,399.14959875794034,399.1859189825959
0.7977940428233301,401.81762514760715,398.6409859847116,398.68633618471
0.8003035395262961,401.31531944579075,398.3316893979437,398.3146915510075
0.8028149740421908,400.8146138221807,398.0260423909571,398.0324093769579
0.8053280424730846,400.31448939413764,397.8138629518526,397.84773948745664
0.8078419481640182,399.814198343414,397.76093369443237,397.733408415235
0.81035618004156,399.31384237846476,397.7106478479305,397.6918745294077
0.812870238161401,398.8474,397.81592301389804,397.822150672663
0.815382844064831,398.8474,398.1705841898439,398.1074246505486
0.8178932035257449,398.8474,398.5282289392554,398.54984623406034
0.8204004418334685,398.8474,399.1627042001056,399.23581230394655
0.8229023771361119,398.8474,400.2198760884096,400.1893313225928
0.8253977068119547,399.063863961156,401.2788238860878,401.34604890697
0.8278856699541465,399.55899219888505,402.5937566352272,402.6670151698324
0.8303643110319935,400.05226525748674,404.3036189991044,404.2099350074223
0.8328324998418949,400.5434582157363,406.0107576397809,406.0214987182858
0.8352893500033467,401.0323946755153,408.04478298026095,408.0969779083327
0.8377322907913649,402.6215659845071,410.64891828578396,410.5182612021914
0.8401598058194699,404.5821074111074,413.2470683821873,413.23029525812365
0.8425714299407403,406.52981481575745,416.07923807547513,416.231386048177
0.844965102414627,408.4630238762307,419.47072674051316,419.58218035136264
0.8473395100062939,410.3806739806386,422.85826284360985,423.06987193656056
0.8496944778835144,413.2335866343017,426.4252025328959,426.7617076533441
0.8520277210450871,416.14310066310213,430.7728309761184,430.8772151104154
0.8543374298722439,419.023267782301,435.1594029400469,435.18669919419006
0.8566239276818419,421.8744911624492,439.56292529396137,439.7363400678021
0.8588860566146976,424.69532697309114,444.5885443128795,444.62625049630566
0.8611224429051136,429.7727540665842,449.74102450775644,449.5819003666405
0.8633334932560617,435.08251054585025,454.8351324406667,454.3882199076685
0.8655219621144854,440.33803839744587,459.0653989163919,458.6170932258332
0.8676923350564552,445.5501095681029,462.4476295188162,462.2851089445418
0.8698469484197867,450.72433468756117,465.80530094781295,465.7661090794391
0.8719861660605346,454.8827005400233,469.12774154358135,469.0668294732318
0.8741104748909727,458.3019668087054,472.366090770075,472.3244491052501
0.876220338631037,461.69798240424825,475.5732742276392,475.6127013803818
0.8783160681776918,465.07124774329964,478.7589724345532,478.8373347880816
0.88039804773163,468.4223812314556,481.87536462489544,482.00350081736275
0.8824667659406114,471.7073940915682,484.916429506492,485.03782752098977
0.8845225907967637,474.1542612715216,487.9384775052109,487.99296495588396
0.8865657800878934,476.58608945179526,490.93250600916696,490.9477798306177
0.8885968536590301,479.0034973581219,493.7766216579321,493.7641001369203
0.8906163808358333,481.40716260866884,496.5620300471093,496.55711306257115
0.8926246423685744,483.79741935574634,499.3319004332458,499.39259850461684
0.8946217727925311,486.35964066880183,502.1126706919192,502.22713676677586
0.8966076886496108,489.2876349822691,504.98754989846697,505.0880623157922
0.8985823387725125,492.1990193243255,507.85824149170776,507.91487843713344
0.9005458893085398,495.0940386592072,510.712796813374,510.65908936544736
0.9024989364184686,497.97357195434597,513.3347548722662,513.2322273950123
0.9044429257584576,500.8397506560452,515.4819523478285,515.4806739184299
0.9063788792770707,503.5294408116256,517.6050653958703,517.592325178762
0.9083069241402832,505.974761345999,519.7195052142174,519.582919705373
0.9102278105221233,508.41100284812114,521.4694315336238,521.3033254563338
0.9121431727073457,510.84023806543996,522.7210034361922,522.7366457911025
0.9140539654490971,513.263677902079,523.9664724465596,524.0093936240735
0.9159602269663436,515.6813708307809,525.2089879708783,525.1365447350613
0.9178626368483005,517.7648914555748,526.0899057282878,526.029550975874
0.9197625420098511,519.2444299177334,526.5944597529533,526.6349857229975
0.9216606286057463,520.7225521840276,527.0984865803167,527.1387537278606
0.9235569026388428,522.1992629291415,527.6016360048824,527.5499213358062
0.9254519053593074,523.6749836480296,527.8058593445741,527.7525699690985
0.9273466376832397,525.1504937974232,527.7522160117531,527.7745806987155
0.9292415626166719,526.28229,527.698567225766,527.7330246395748
0.9311366814623749,526.28229,527.6442202932109,527.6472454220694
0.9330322198877388,526.28229,527.4649935042712,527.475780775116
0.9349285685106286,526.28229,527.1934740463971,527.2077284046367
0.9368258943100254,526.28229,526.9218146762936,526.9430572257124
0.9387241997721105,526.28229,526.6494748670947,526.6699165975341
0.9406235616605472,526.28229,526.3358406791875,526.3420961127347
0.9425241024766561,526.28229,525.9963119620378,525.9884480274302
0.9444258708781583,526.28229,525.6565639386196,525.6543057124958
0.9463288671944832,526.28229,525.3177289318639,525.3374859413454
0.9482330116817808,526.28229,525.0228156094261,525.0276378976371
0.9501381851096852,526.28229,524.7504519237627,524.7277196932932
0.952044347902595,526.275933205131,524.4779467983998,524.484050412281
0.9539514915415099,525.7780126614157,524.210829940702,524.2689972265694
0.9558593818747316,525.2798971693874,524.0674712693365,524.0872518485353
0.9577677011719914,524.7816696826449,523.9751798641566,523.9611738957045
0.9596763566540771,524.2833544241539,523.8828722001984,523.8898011987044
0.9615853276248005,523.7849567973135,523.8020023154609,523.8654940632495
0.9634942971694493,523.2865595427952,523.8836549829898,523.8932592812712
0.9654028731765771,523.25113,524.0180400098673,523.9854257437147
0.9673109598526421,523.25113,524.1523905823669,524.1454384086538
0.9692185455699752,523.25113,524.2933059628161,524.3093009708008
0.9711255009408074,523.25113,524.4989770153591,524.475868636565
0.9730316789062787,523.25113,524.7210464143357,524.6985634528727
0.9749370504912187,523.25113,524.9430218700691,524.9565388687491
0.9768415939751192,523.669277079554,525.1774487713033,525.2412427713945
0.9787451214253899,524.1662535021349,525.5035868080284,525.5159399584617
0.9806474349039304,524.6629129787596,525.8479581087089,525.8498165411569
0.9825485033955121,525.1592474119157,526.1921040323787,526.2398425826163
0.9844483234245637,525.6552558941946,526.5393057676961,526.5987051970019
0.9863468572029039,526.1509285597893,526.9053388725976,526.9168753687776
0.9882440674834514,526.28229,527.2741927068208,527.2902656575743
0.9901399515003367,526.28229,527.6427886901218,527.6315109426343
0.9920346217828651,526.28229,527.9499377983045,527.8902856466627
0.9939287253516962,526.28229,527.9585315398838,527.9230321687626
0.9958228694900122,526.28229,527.9273228098486,527.9260854040153
0.9977171256083783,526.28229,527.8961122347183,527.8963152431794
0.9996116681704196,526.28229,527.7677032231287,527.6736719990606
1.0015074055539515,526.28229,527.2310191407893,527.2020796788621
1.0034051564485589,526.28229,526.6484004029597,526.7142538170102
1.0053050091093403,526.28229,526.0651364126976,526.106874518179
1.0072071862073733,526.28229,525.3621445380721,525.357535695457
1.00911267418295,526.28229,524.238963355563,524.2848295116232
1.0110223201357473,526.0336565200112,523.0768804102757,523.1714694366843
1.0129362180919501,525.533972546805,521.9122099798944,521.9968391868265
1.0148547430695403,525.033080542406,520.5570843716592,520.5062664225022
1.0167792227121921,524.5306338831793,518.6882384991512,518.684660558621
1.0187107151992878,524.0263562977198,516.7839559701991,516.8041832252215
1.0206493514581405,523.5202136032854,514.8726303076339,514.6296320676166
1.0225961201245202,522.3080967754906,512.4763892509739,512.1015701738322
1.0245536938740263,520.2930148710541,509.2069477885175,509.0312167958533
1.0265239527854009,518.264875149438,505.8988482913155,505.8536726649222
1.0285071818647529,516.2233842318351,502.5685205542426,502.5922774954121
1.0305044544665276,514.1674372315861,498.81113923644455,498.8828713574021
1.0325176103521474,512.095140340117,494.671156422623,494.8970357906591
1.0345477586775333,508.7986813258126,490.49622926636386,490.9883885154953
1.0365952585222051,504.72669793317255,486.32265373771463,486.92292647433925
1.0386594533616407,500.6215122223025,482.5924916099915,482.95714218128296
1.0407394091488196,496.48498178746104,478.9799807462786,478.889770086089
1.0428351727359568,492.31701345089186,475.3400145639072,474.83673986689286
1.0449480931867403,488.152997318904,471.2349569366785,470.5991839298613
1.047082111219302,485.5983498112437,465.99355861766355,465.571772529291
1.0492405352588028,483.0144857066066,460.6393637985174,460.042287417476
1.0514245681941246,480.3999650185269,455.130876710853,454.1209957567038
1.0536397947685834,477.7481022127797,447.7712960939523,447.0772197566211
1.0558938401350297,475.04976916700275,439.59758115562653,439.5156841092784
1.0581906134414378,469.7142462613251,431.2689243486499,432.03106426599436
1.0605273157357926,463.32136892409744,424.68872503775674,425.6356920069519
1.0628945797675093,456.8448791221417,420.1923779571955,420.6369366210382
1.0652874461825346,450.2983449262433,415.64996472239227,416.2722669574254
1.0677040721715056,443.6868079945716,411.9665658377227,412.7553401979113
1.0701372332516146,436.98640492734785,410.0140671216512,410.3287673546263
1.072581900901394,430.2452770490477,408.0975383660149,408.2297067657514
1.0750370269970768,423.47531019083544,406.52759706134066,406.59218660204243
1.077498986741351,416.6864996672957,405.83396277713547,405.47441593440203
1.0799650353420853,410.43906062862055,405.18058797956456,404.82556361063513
1.082434539198538,409.43607408342865,404.69897630662064,404.6093774890625
1.0849054706072465,408.43250773930197,404.71240334622826,404.5327170539541
1.0873762259147242,407.4290129185158,404.7566686933779,404.6192770099769
1.0898463211960796,406.42578616668544,404.9287330865069,405.0419064358861
1.092314107046007,405.81913,405.514784886677,405.5486912859062
1.0947782354911202,405.81913,406.1316856340214,406.123141810094
1.0972384738731544,405.81913,406.7982154326442,406.7888829754656
1.0996941144786998,405.81913,407.65411289805866,407.6181836221255
1.102144555299895,405.81913,408.52649739702383,408.5293440691299
1.1045898132069434,406.48513850972336,409.38403577522666,409.3455205938981
1.107030140417928,407.4762749892586,410.17896075944225,410.1168411678019
1.1094657703128,408.4655036585076,410.964610786954,410.9719047302653
1.111896754391233,409.45284543401175,411.74822891614934,411.78485972338393
1.1143231306773271,410.4383157592215,412.5269655708818,412.54726945956406
1.1167449369975013,410.9820839248456,413.3036354615915,413.2513198608852
1.119162294212047,411.47725695909475,414.04682883269385,413.9302297607819
1.121576232603977,411.9717296794813,414.4749514694012,414.4704948593484
1.1239879117023648,412.4657396046997,414.822923800632,414.8233538532931
1.126397607971851,412.95961351563375,415.1573313873424,415.0561126809223
1.128806063682894,413.4558217750395,415.25030945191054,415.220341196662
1.131214240651246,413.9519726057681,415.2534393639563,415.2945787502725
1.1336224078420452,414.44812142205126,415.2536814213131,415.2693326182592
1.1360309734396226,414.94435232111186,415.11608593200293,415.12225503302005
1.1384405577663221,415.3047,414.9026480419147,414.93995901628887
1.1408513831987628,415.3047,414.6887881517641,414.7003033038423
1.143263830076556,415.3047,414.34515329215367,414.337843708902
1.1456785896634887,415.3047,413.8948925916462,413.88629649478634
1.1480959790421603,415.3047,413.444141535032,413.4143514026698
1.1505163610150868,415.0726385856273,412.87210971798476,412.90022915626173
1.1529405369604704,414.5731915246593,412.15114452079416,412.2667288663617
1.155368962012689,414.0728690305675,411.428540516178,411.4871164028379
1.157802008485302,413.5715943964968,410.5870348046008,410.61992872615275
1.1602406469820385,413.0691676513268,409.5440495181315,409.6376985868916
1.1626855217547925,412.2241807337061,408.49510353775844,408.5478590712374
1.1651368910881832,411.2227910824429,407.3769599835107,407.3645228680655
1.1675954427390702,410.21846743901665,406.1120853125032,406.0994283203173
1.1700616907822305,409.21099980277404,404.83835397311066,404.74552578727327
1.1725367287086281,408.19994148030156,403.2332596730741,403.0656525421356
1.1750242071942658,406.7118974755398,400.80115168719755,400.87861092316695
1.177526996830087,405.2002836742273,398.3148952305704,398.3594725621489
1.1800462468536672,403.6787282665747,395.58157748253893,395.51049151033106
1.1825849156377475,402.1454444795345,392.2470054261416,392.2970092512895
1.1851454465036806,399.89075489323636,388.8557443457573,388.8255264409763
1.1877288984570995,396.35342616778985,385.3184192797408,385.1807542940154
1.1903370970394755,392.7822137227904,381.5132406084334,381.4172371443216
1.192971599300285,389.17498560612967,377.6629704679129,377.3170010171089
1.1956355840849417,385.5273892610735,373.11956290966987,372.6957332857132
1.198335365174056,382.8944420846178,367.72058635627303,367.5158059934732
1.2010754192005275,380.3059902204586,362.2332786816514,361.9843069069607
1.2038584920901043,377.67689964796614,356.44348334518367,356.2639857301854
1.2066879849071261,375.00395747745097,350.4478285871155,350.4591212692689
1.2095656122485883,368.60605424973664,344.618094321211,344.9736000056478
1.2124868484517706,360.7897093344545,340.05398937767404,340.2368281238464
1.215446995274961,352.8692513637061,335.61730555612115,335.9151270619363
1.2184435003082243,344.85150981481956,331.84820986005263,332.1837025365243
1.2214710894480323,340.39238849825915,328.7578621296597,328.96845463170933
1.2245263291326576,336.81316862882386,325.86802084718664,326.2547700099919
1.227603052029929,333.20878112951345,324.1786602161908,324.32325224717096
1.2306949902697328,329.60486994025496,322.6683169069963,322.8202795245725
1.2337974074680513,327.5930525944193,321.9910179936753,322.0088919913921
1.2369035863904088,325.5787958920471,321.88691121701305,321.8942222629794
1.2400094590553201,323.5647377877366,322.05453497185397,322.1731861631806
1.2431097497143173,322.23381029215716,323.047799405401,323.0066849300516
1.24620020567651,322.73049261600346,324.107632826043,324.0674655015571
1.2492793788613221,323.2253616294006,325.4200309900576,325.3339574892062
1.2523457142804915,323.7181674225641,326.82737113448786,326.83544064249634
1.2553985670614238,324.7054353351508,328.30088474880097,328.2743627821803
1.2584371335336324,326.18750463786284,329.90815691240175,329.83481337040786
1.2614609236219314,327.66236671795946,331.5173321496818,331.5176804286642
1.2644697703139043,329.1299401146666,333.1934095045991,333.1691139336825
1.267463457956459,330.2785954508574,334.8832352562048,334.88755401502885
1.2704423967489304,331.26133478588383,336.5006860690118,336.4762243133747
1.2734075876460338,332.23953874825133,337.9954566444309,337.9222473266985
1.276359912781929,333.21349835029616,339.4397848298075,339.26274604522865
1.2793024588232695,334.5643342945652,340.24467094114505,340.1170353963868
1.2822389833313275,336.03986950972484,340.83307496765576,340.71891390371854
1.2851710943589545,337.5131870536956,341.2696149831854,341.1434354497735
1.2881010309312169,338.9854119844579,341.33902563150485,341.2966100698721
1.2910304756161213,339.680569320931,341.3842287360504,341.34755684022764
1.2939607173828909,340.17620635064975,341.1533869154959,341.1489427991731
1.2968935359197056,340.67227922926884,340.7846735455845,340.79106756113094
1.2998297891352568,341.16893306813023,340.3557616334066,340.40312911161925
1.302770687906077,340.83697027917685,339.70906358395666,339.7578894579815
1.3057172825005718,340.33813795552123,339.04122664637845,339.05639015788984
1.3086697609933866,339.83830954008,338.3564406811664,338.37035110326616
1.3116282762254872,339.3374591582336,337.65905072966785,337.64666344338855
1.3145929953906692,338.8377708782136,336.94186391051716,336.93539959318116
1.3175644344733919,338.33720122570395,336.13364868383513,336.12505141068544
1.32054308831721,337.8354161720523,335.3116090113102,335.30166548235667
1.3235288058360253,337.33244116927494,334.545002291843,334.6168851015509
1.3265211550395373,336.33486483608954,333.826959765289,333.8732054180119
1.3295198162078168,335.3349868175005,333.1380694327417,333.1867788329058
1.3325239470604098,334.3332849792778,332.61230745787,332.637932345664
1.3355327229185097,333.3942836221697,332.110235965379,332.1819307856593
1.338545524808221,332.89546232446787,331.723879479094,331.82384457651165
1.3415613771679635,332.396135968858,331.4386800016112,331.4641052073463
1.344579798241068,331.8963843184629,331.15951507446175,331.1258967022854
1.3476006234254672,331.53707,330.91132946591654,330.95318219476025
1.3506236969099952,331.53707,330.6671213223922,330.6736933221653
1.353649110094746,331.53707,330.3997165327905,330.3660846576173
1.356677055556935,331.53707,330.1142849434544,330.0678551482066
1.3597077579751073,331.31685773870277,329.79889057919735,329.78046924370506
1.3627419442898832,330.8173914361228,329.3567091566909,329.41667625479084
1.3657802851228869,330.3172412461203,328.8976088422037,328.8827507751697
1.3688236521618378,329.8162636776249,328.26986367352276,328.2098103636801
1.3718733495508144,329.3165834776926,327.53373414450976,327.6368525411946
1.374930223718434,328.817139695876,326.7303623869561,326.813480520672
1.3779956530475672,328.316298139082,325.70839654497706,325.8564392977713
1.3810708492861,327.81386082731103,324.658298425235,324.7911558755845
1.384157064090482,326.89600778576204,323.38722689264324,323.6320286683751
1.387255933122359,325.8904007419685,322.0124509423669,322.19457993906997
1.3903695287144393,324.88001481513123,320.3361014677919,320.23018422261646
1.3935025223966295,323.8150641438133,318.03923352432565,317.73985381411615
1.3966590202941973,322.30322660690524,315.5838823815154,315.0901916148195
1.3998457816893817,320.77689405267745,312.0326183607087,311.6619656735052
1.4030705712671443,319.23234750441327,308.1867341551655,307.78014220436353
1.4063386086964371,316.7365754985465,303.83234124959694,303.30798083014326
1.4096560792592467,313.1281913662626,299.0741621731597,298.3145911177552
1.413032564181007,309.4556178244927,293.31383105585763,292.4704668514467
1.4164876038432985,305.5803479983142,285.6521158257008,285.81578900439143
1.4200332545924592,296.3665900584665,278.5096584992723,279.3568190113645
1.4236553020190184,286.9543070684217,273.70601295682036,274.13414763134017
1.4273400012317408,277.37921661846485,269.11791291240945,269.41729431236746
1.4310856087595665,273.51958486910416,264.8745795156985,265.40276180070094
1.4348880947235152,270.94785543751607,261.12386380246,262.0613193363089
1.4387310909729711,268.34872774739154,259.30971785384196,259.895364873649
1.4425974131741075,265.4097199868313,257.981156634031,258.437009099627
1.4464764611201222,262.36253571045904,257.6095416025018,257.6334044026836
1.4503590567464677,259.3125645554835,257.50979285081723,257.35248140635537
1.4542393283289803,258.23606327718164,257.9183709276221,257.77831412046777
1.4581126054852152,257.7395571450562,258.44076536829596,258.27944757574346
1.461976719026708,257.2442256747812,259.14332306114954,258.9082011767154
1.4658309549043973,257.89620273081175,259.7670272232588,259.4905488285993
1.4696769651631614,258.88678577479556,260.25284037314344,260.1441503382354
1.4735160872697526,259.8755946979924,260.6999758804459,260.66064362025764
1.4773490004334011,260.49335020594447,261.09664993451946,261.0455694683886
1.48117641262581,260.98968190441724,261.4498679968863,261.34279150966915
1.484999029361509,261.4853917369779,261.7521179045272,261.7110287043123
1.4888186029048278,261.62557,261.8665722122393,261.8031827964629
1.4926379109554584,261.62557,261.7885029845726,261.67003579462056
1.4964605672308013,261.62557,261.40817304666814,261.2633323642232
1.5002907760111985,261.2870094199454,260.75738536619286,260.68915878587825
1.5041320335855197,260.78888227808295,259.9068238599841,259.87616243524985
1.5079870364909123,260.2889726672379,258.9014777780129,258.872981976553
1.5118577467246732,259.78837039564627,257.8019013295587,257.76426279031114
1.5157454629012097,259.2862617970082,256.64156213434296,256.7002248111753
1.5196506712619238,258.78189403754516,255.49755946935406,255.55142434482897
1.5235733549234778,257.59837285221465,254.3600095676108,254.38732688724465
1.527513530944113,256.0918319700389,253.23402458064024,253.24375124634795
1.5314711908799459,254.57860604818802,252.11757059181124,252.16254693973326
1.5354457847473912,253.4412330347874,251.08063271217824,251.09529941508967
1.5394366315620354,252.43682290117107,250.06818501331782,250.0437441470404
1.5434433661637668,251.42841415395412,249.09330868801953,249.02613592815402
1.5474656001012506,250.42720480101508,248.14462211703434,248.13556757860118
1.55150257762919,249.42457869974515,247.2770440967901,247.33015439747274
1.555552111915576,248.41883399459925,246.60781543916227,246.70030983551325
1.5596090922046866,247.8950308809786,246.3697993610159,246.3199211001879
1.5636696842823088,247.3942758655579,246.16929178926918,246.11090286677847
1.5677333386136176,246.89350562449428,245.9986136143387,246.02172315440438
1.5717976905140272,246.396031750061,246.0847763886354,246.13036503622098
1.5758589570148498,245.898935526413,246.3726092163613,246.44537639696787
1.5799127352700086,245.63608458396453,246.9950734020359,247.04004429686324
1.583954959609302,246.13127621473888,247.78327328718123,247.84086089174104
1.587982447132853,246.62466251577212,248.80634421981267,248.87339151063097
1.5919922499668897,247.2934508857755,249.9740308223198,250.1660186077327
1.5959795156077086,248.27972166581984,251.62830363525288,251.75904990092113
1.5999393815940464,249.25921499960592,253.44583428994824,253.58080042254167
1.6038682943388662,250.66436436680726,255.61004957993433,255.62133202793893
1.6077640516547484,252.62198577066908,257.77810747722094,257.74475823486165
1.6116275511128175,254.56339757321928,259.89595882101764,259.8815107584605
1.6154597393064443,256.7283246132147,262.00762237214,261.99807859043045
1.6192610762416777,259.18317557375485,264.131635739777,264.0422597823171
1.6230330821779333,261.6190849797206,266.0975120230011,265.98164561373545
1.6267795177606992,263.6911718315377,267.74834791540127,267.69848050349657
1.630503667313378,265.1653261142822,269.29144708692115,269.2517125853062
1.6342078834505829,266.6315900238356,270.6372047088025,270.59525207159925
1.6378948354598888,268.09775762908123,271.81886344925715,271.7374222367243
1.6415682148824988,269.5797857238397,272.64015392231585,272.5981505338863
1.6452315010759502,271.057741696593,273.31857893386325,273.2475596321802
1.6488879976249518,272.45855504405245,273.6532893896042,273.5968895312005
1.6525411334191027,272.954689868447,273.82162032361504,273.7181622809462
1.6561952097257058,273.45095242446905,273.51249919923805,273.4594482158831
1.6598543963756738,273.94790901965393,273.0574295134538,272.98135520592234
1.6635225525389505,273.55098525752,272.1770494407451,272.2331820266504
1.6672029970016706,273.05027982514855,271.2372046641484,271.35511193884247
1.670896667841744,272.5477750125506,270.23142835929616,270.3135325079513
1.6746044805771096,271.6736911174364,269.1722186850512,269.18630078919415
1.6783284113699404,270.6709153920162,267.8977147373648,267.87736631912
1.6820706728688573,269.66320359551526,266.5419207325478,266.48165456967035
1.6858337764313136,268.6561583444683,264.9391177819809,264.8887599957488
1.6896200295985568,267.64657352149095,263.292709591826,263.2572553076948
1.6934300838060268,266.63064227424604,261.63941225120925,261.5333302936643
1.6972650852410385,265.039690007344,259.8787227614183,259.6908406790152
1.701129423509295,263.01773320634425,257.6836224194849,257.60594055560784
1.7050270826423932,260.9783417646363,255.4545645278789,255.4742274714416
1.708958149014979,258.9467989762178,253.32217529439464,253.36992790482722
1.712921196376647,256.917062774377,251.34769914089586,251.49853923293486
1.7169123392695838,254.8729370102318,249.7668830358122,249.84333218235116
1.720927097816892,252.84894496915229,248.39883712024573,248.50443130318132
1.7249613974996536,250.83164918411376,247.35236357826562,247.40317092906258
1.7290116019794417,248.80640042519462,246.45150885995469,246.4780494181286
1.7330754798746815,247.5876549409216,245.69043894110837,245.66743864800662
1.737150257136093,246.5872655630081,245.1345649655442,245.08633998546105
1.7412330401089062,245.5849107209391,244.72771595995565,244.7437919394013
1.7453184513940647,245.51937,244.819095875433,244.84345552683322
1.7494004281983546,245.51937,245.13980217359,245.20670750395982
1.7534733023567068,245.56506195145414,245.91514041787894,246.00063784180065
1.757531756037697,246.0618138878912,246.8852975055092,247.05824647667072
1.7615709727133981,246.55621122812494,248.26405144378884,248.37712014713972
1.7655865412143696,247.2640982030681,249.80218094406203,249.91293478899294
1.769575298457169,248.74835259753593,251.6136692746839,251.7629466347088
1.7735328152659129,250.22098213024617,253.76287564993052,253.9215205086526
1.777453394389032,251.97623751443166,256.37926061790375,256.4631330653782
1.781334008427426,254.43499056163932,259.016589336124,259.0001175839882
1.7851751757920697,256.86875023709536,261.67200023410345,261.59233809129154
1.7889797477082428,259.1623713537841,264.02182439040257,263.97087059599414
1.7927524405148283,261.12838987404496,266.1117395046321,266.0710492514782
1.7964967039270894,263.07959332225323,268.0457162590452,267.9683428648287
1.8002149276928945,265.02482826070957,269.8515887176834,269.69645131689333
1.8039103015459519,266.9921727918812,271.3699005141276,271.1813331886041
1.8075867220455264,268.94942692954885,272.64047863884264,272.43926082725045
1.8112496245490968,270.8638927246784,273.37559009444084,273.10351454330214
1.8149062900880946,271.3584977187003,273.57086525080797,273.4051170607732
1.8185631434950351,271.8531281239668,273.347512652658,273.24771487617994
1.8222264603223466,272.34863277927343,272.6068165944951,272.6096473172611
1.8259008269240233,272.4208,271.70617459393486,271.7458577846319
1.8295889787644914,272.4208,270.5732153313435,270.7236683001374
1.833292474255455,272.4208,269.45944086423174,269.62346231688986
1.8370110457534023,271.71109355316287,268.38365362493414,268.54941291304266
1.8407447855979635,270.7039429800225,267.27460238329786,267.1686560652412
1.8444944455734473,269.6924980613597,266.10963877265266,265.8746015789655
1.8482617384881461,268.6844134179936,264.7788830462322,264.48260966234625
1.8520500547199528,267.67601710385617,263.1650808298043,262.9186403360487
1.8558615514373806,266.66145047160643,261.56802924290093,261.4201825827919
1.8596960901875947,265.3730589216542,260.0117321666278,259.9823917281494
1.8635538224636217,263.85351445968456,258.4323737163572,258.5706804795269
1.867435425054937,262.3245675812676,256.8237471342096,257.3723476452571
1.871337116591856,260.80139117066744,255.77657702130855,256.12307607448804
1.8752502017751682,259.28521571615374,255.3294778553182,255.70269742201714
1.879163566961192,257.7689317709687,255.73994578532154,256.0223502259089
1.8830655777294447,256.84352642427064,256.81857232125606,257.0505314724479
1.8869450210691456,256.3490910367666,258.7263688701226,258.86353522078787
1.8907925822130682,255.8587190378582,261.0942199368125,261.04286897547263
1.8946069541771688,256.48866030969236,263.2473343548393,262.9802924199113
1.8983913987343053,257.9465458013807,265.23931252951354,264.5701022772896
