0.39823540878691693,335.97429356399766,336.60303784467357,[nan]
0.40120234407744726,336.47079906844374,337.49440655188187,[nan]
0.4041608582450882,336.96589532952623,338.5221711815431,[nan]
0.40710899116411003,337.5884802546733,339.8759946910808,[338.12390257]
0.4100436975553151,338.57925583762176,341.62768803978713,[339.38006512]
0.4129634194914275,339.5649725730227,343.37349865480724,[340.84983814]
0.41586828738672177,340.54567448956664,345.1304526367625,[342.50190851]
0.4187584206795103,341.6620621778523,346.8835943298202,[344.25380842]
0.421635104561098,343.14004338543134,348.36453055092585,[345.93801904]
0.42450188637033204,344.61293711122335,349.283075766338,[347.41541332]
0.4273612418685731,346.0820153506633,350.1763875423941,[348.67689705]
0.43021417609672125,347.44068036134183,350.8569082621127,[349.67022553]
0.4330620397752571,348.4303093102226,351.42435640135176,[350.43518199]
0.4359056192200311,349.41844949340623,351.9148720618787,[351.09313107]
0.43874681711851526,350.4057620923312,352.0135802268615,[351.55242924]
0.44158744220862717,351.25129,352.05680713287285,[351.85240396]
0.4444279725224184,351.25129,352.037069936946,[352.00558234]
0.44726903326046785,351.25129,351.9253704180133,[352.00820693]
0.4501110084312525,351.25129,351.8105642896196,[351.95745294]
0.4529541005683074,351.25129,351.648911942622,[351.85547915]
0.4557985752463861,351.25129,351.46866082186784,[351.71337687]
0.45864454964490275,351.25129,351.278401006871,[351.55163452]
0.46149221855611,351.25129,351.0505118448609,[351.3616214]
0.46434175200153804,351.25129,350.8188489431388,[351.15410565]
0.4671930566512931,351.25129,350.6145001444425,[350.94056548]
0.4700459080351249,351.25129,350.4385365947614,[350.73059938]
0.4729001801362388,351.25129,350.2655487361997,[350.5343586]
0.4757557233673192,351.25129,350.12660675237265,[350.36129806]
0.4786123614539034,350.79782459406255,349.99710783974865,[350.20694998]
0.4814702291461826,350.2998368409581,349.8253947249516,[350.05366451]
0.48432994166447274,349.80152762414053,349.5457158497347,[349.87370629]
0.487191968229551,349.30281518118215,349.2599342778649,[349.65703817]
0.4900565196979575,349.22823,348.9298064903346,[349.39021284]
0.4929239019929538,349.22823,348.57067459357233,[349.0765328]
0.49579416215613303,349.22823,348.230438593676,[348.74771349]
0.49866675223424134,349.22823,348.00541634298816,[348.43408401]
0.5015411213870467,349.22823,347.7994955682941,[348.15150627]
0.5044151682817513,349.22823,348.0834897742741,[348.02971007]
0.5072838406499949,349.22823,349.104628522826,[348.24825755]
0.5101439239610159,349.22823,350.17734651155934,[348.79124009]
0.5129916998978956,349.6031669505113,352.1305293167262,[349.87399853]
0.5158224363218458,350.0964270392139,354.4067311278238,[351.45480887]
0.5186349491339455,350.58651163608266,356.70859165159527,[353.35579965]
0.5214288368589851,351.0733507834572,359.1481010830685,[355.59848829]
0.5242038173926933,352.80607706489457,361.58592115657245,[357.96233625]
0.5269595083945549,355.2490410487111,364.1942297300174,[360.40921091]
0.5296946788659312,357.67381325526736,367.0326377260384,[362.99022242]
0.5324088543502965,360.0799730712928,369.8501656988383,[365.66573858]
0.5351025583877023,362.68865140026793,372.63232465456326,[368.42733945]
0.5377763245262748,365.62491412647233,375.38639060501686,[371.22537967]
0.5404304548615435,368.53961330734336,378.1663620591371,[374.00881075]
0.5430634653832473,371.4311192401362,381.4344849016922,[376.90489056]
0.5456736304454828,374.2976774600361,384.81550003538024,[379.9506844]
0.5482614725976825,377.23979988372344,388.0426397211261,[383.11474668]
0.5508305310028916,380.16056703148126,390.460209126274,[386.18820845]
0.553384223315434,383.06386444069244,392.726054350278,[389.01110081]
0.5559233859793911,385.95064306614586,394.94141155649015,[391.54257869]
0.5584489680066339,388.63621460067907,396.9604070937454,[393.77202053]
0.5609618467714773,391.09377540215314,398.94445563738367,[395.89308216]
0.5634625845350132,393.5394624716662,400.8239465667147,[397.91755521]
0.5659530013370586,395.9750557830771,402.25703456427254,[399.74646097]
0.5684347451568543,398.4021670373721,403.6302577588636,[401.41392363]
0.5709082149014804,399.6530136757211,404.9526463521772,[402.91597131]
0.5733743340302885,400.63741791070527,406.0396409198576,[404.2198949]
0.5758339645503754,401.6192320786364,407.0919792457912,[405.42863107]
0.5782876365343952,402.5986677693601,408.01394027967785,[406.5245517]
0.5807380941637104,403.5779247201664,408.16016543421136,[407.32643147]
0.5831880651727206,404.56724664812265,408.17602523886933,[407.86052755]
0.5856382396307525,405.5566507307565,408.0923896245586,[408.11063014]
0.5880912632678227,406.5472053393716,407.22883818442114,[407.91435462]
0.5905500034373392,407.5400683389351,406.19717645941046,[407.42360738]
0.5930150652755092,407.98674558528086,405.14286632133303,[406.66531765]
0.5954871633832537,407.48617659307286,403.88845888377654,[405.61433496]
0.5979671187497361,406.9840166041016,402.5797918934391,[404.45207339]
0.6004552072331804,406.48020976052203,401.25233371116957,[403.2158627]
0.6029520566472444,405.9746289379092,399.7599065990907,[401.87012277]
0.6054584028066101,404.77523034462286,398.21744590914625,[400.45236953]
0.6079743523370973,403.26441890446927,396.71390333611964,[398.98589739]
0.6104983590219545,401.74876919516527,395.6783782036873,[397.59240851]
0.6130285817320026,400.22938680288934,394.76692579327806,[396.34416331]
0.6155648065993033,398.7547482686939,393.8078508908776,[395.24176456]
0.6181085296366131,397.7510271464198,392.44363629379393,[394.1741978]
0.6206614359876326,396.7436824040394,390.979923571927,[392.99958414]
0.6232236716827668,395.7326564197912,389.5908636396802,[391.7055686]
0.6257932932673675,394.71871605643986,388.73479779869314,[390.43730533]
0.6283682544461671,393.7091432638156,387.976681136581,[389.32056654]
0.6309475781779126,392.70306704513155,387.420762546078,[388.43077628]
0.633527376185164,391.6968058332643,387.8339521634995,[387.99154841]
0.6361040115975315,390.69177820501545,388.372473114219,[387.90096724]
0.6386766649088802,389.73771,389.03560063967063,[388.16569712]
0.641243517858987,389.73771,390.1301660641813,[388.843048]
0.6438030698669817,389.73771,391.25820264389847,[389.69911062]
0.6463551468471576,389.73771,392.41893683358796,[390.71072655]
0.6488993840089067,389.73771,393.6733043299251,[391.87015247]
0.6514355227455528,390.23523308517815,394.9290866533059,[393.06988262]
0.6539633829873165,391.2212357501768,396.25611949699856,[394.31936183]
0.656482254585484,392.20373235641705,397.75303520142813,[395.65288642]
0.658991659845935,393.18253657727064,399.25137859762793,[397.04740499]
0.6614913661327195,394.1575576720934,400.84579800544304,[398.52658283]
0.6639804763023945,395.5783718789113,402.65828188809024,[400.12712342]
0.6664584074281785,397.0492641116693,404.47072349560693,[401.8065455]
0.6689256015459419,398.51378288975934,406.1703108171508,[403.53627855]
0.6713832669812075,399.972645471465,407.6126614864927,[405.22799442]
0.6738322986650904,401.5231913616762,409.03912593750954,[406.82320543]
0.6762727726699489,403.49419888652,410.4763235527147,[408.32460545]
0.6787045961789744,405.45821998481443,411.95443789809065,[409.77063722]
0.6811277165355263,407.41521212931497,413.43023131542395,[411.22502968]
0.6835421350731552,409.36517639704124,414.9292757665037,[412.69756713]
0.6859475286781127,411.12635767178494,416.5385922462806,[414.21313431]
0.6883436293377707,412.60736045341395,418.1540084460275,[415.76302694]
0.690730481804198,414.0826470311579,419.7727138161307,[417.34864757]
0.6931079868353942,415.55215606465606,421.44861345160433,[418.97848199]
0.6954760421942341,417.01582436229506,423.1295824087576,[420.62622953]
0.6978347047857636,418.74886461411705,424.811907744832,[422.29070436]
0.7001837274191102,420.7242935082714,426.6098239547475,[423.99998189]
0.7025227788101394,422.691337008473,428.44158125060164,[425.74822384]
0.7048518844425626,424.65001654544784,430.26098279498257,[427.53107394]
0.7071727722895826,426.6017852717301,431.47992565281197,[429.19807841]
0.7094882310180566,428.0209049740738,432.280543790173,[430.61575837]
0.7117994092376547,429.0096771815265,433.0796818523748,[431.77528352]
0.7141068662151182,429.9968573608229,433.6757833649317,[432.62898367]
0.7164120766016445,430.98307639975314,433.92405718182863,[433.24001655]
0.7187159847560747,431.96873831552716,434.1661710371628,[433.71142336]
0.7210186449456699,432.69969371574905,434.39452553546533,[434.04013428]
0.7233202447712059,433.19631393443547,434.5662972630398,[434.26276275]
0.7256209515184295,433.6927414520528,434.731832512143,[434.46470659]
0.7279208426035113,434.1889929728236,434.8745879269245,[434.64181081]
0.7302207406647403,434.6852459988499,434.72919565932784,[434.72547834]
0.7325216393590583,434.94617,434.4964457551327,[434.70801546]
0.7348237739044017,434.94617,434.2625713875723,[434.59070018]
0.7371276387087466,434.94617,433.84412520240113,[434.3330845]
0.739434091813679,434.94617,433.28853696384294,[433.97291983]
0.7417435061938971,434.94617,432.73223540072604,[433.53186724]
0.7440556040014223,434.72703134883693,432.28330683883564,[433.0370511]
0.7463695651859209,434.22774389811343,432.035497557724,[432.58489419]
0.748684842117054,433.72817254643815,431.79212144670777,[432.21079031]
0.7510013247480638,433.2283410387922,431.5858669595209,[431.9241982]
0.7533184878230954,432.72836271054996,431.5385404522376,[431.7380066]
0.7556358565887368,432.44106,431.50925407924956,[431.60644573]
0.7579533680241421,432.44106,431.485409494872,[431.52976775]
0.7602708367932085,432.44106,431.52514362913035,[431.51458691]
0.7625880431839931,432.44106,431.5831306192296,[431.52573446]
0.7649049347700377,432.44106,431.6424175595224,[431.55902533]
0.7672211961035973,432.44106,431.8180451117169,[431.64218423]
0.7695363139880056,432.44106,432.0689224331808,[431.77812893]
0.771850088397358,432.44106,432.3196541692241,[431.96225982]
0.774162480530577,432.44106,432.58563607750943,[432.19806445]
0.7764733865339057,432.44106,432.87588510250094,[432.46252445]
0.7787827432574922,432.44106,433.1662487930363,[432.73685604]
0.7810905972760741,432.44106,433.4397770402434,[433.01688675]
0.783397159953208,432.44106,433.65138807089784,[433.28332475]
0.7857026130443018,432.44106,433.857094396607,[433.52862708]
0.7880069839140329,432.44106,434.0588015618849,[433.75176527]
0.7903103921657573,432.62023516954,434.21978833022445,[433.94676809]
0.7926129753185925,433.1170675624771,434.3699333043097,[434.1264044]
0.7949147484759544,433.6137251812746,434.52544748956643,[434.29349267]
0.7972144580652681,434.10993754038617,435.15002842730723,[434.56629939]
0.7995100779333634,434.60526745319964,436.07533593263236,[435.03018629]
0.8018008370109528,435.10043693794466,436.99868417371914,[435.68737401]
0.804086200013433,435.59640992057246,438.1372935150724,[436.59033551]
0.806364654326378,436.0908835688053,439.65338892269244,[437.71617564]
0.808635260442855,436.58365398940805,441.17130584288026,[438.99016811]
0.810898106066378,437.0747402159318,442.6741325969508,[440.40903022]
0.8131534208680602,437.76442915220053,444.1223947924643,[441.90530554]
0.815401422109089,439.2450429308266,445.5591495828908,[443.3817457]
0.8176421427735109,440.72086146208204,447.01319975800305,[444.84221918]
0.8198739435212505,442.1908050181359,449.129142841942,[446.45597174]
0.822094510754498,443.65334978097025,451.5481239896813,[448.31240404]
0.8243032451060182,445.10810098595135,453.9542149544414,[450.41117039]
0.8265002335808317,447.5730821746832,456.38934571098554,[452.75520687]
0.8286853724396585,450.0278908833745,458.8911338391049,[455.19570462]
0.8308586578643008,452.469383315461,461.38128924188237,[457.65399594]
0.8330203653156063,454.89786892664864,463.8197092607707,[460.12036951]
0.8351716954418951,457.3146965382902,465.84210340514926,[462.48355894]
0.8373139722204891,459.44112668327557,467.74796999731,[464.69776798]
0.8394475553735177,461.40910813202424,469.64610234588747,[466.76397125]
0.8415726778511645,463.3692855951766,471.47969760713335,[468.67896834]
0.8436897751138541,465.3220607341515,473.21319374015695,[470.52174092]
0.8457991480238269,467.2677110592523,474.93903526407,[472.31950724]
0.8479009956926575,469.1261090868857,476.6076346787882,[474.05989032]
0.8499971395125792,470.60579524455585,477.5262538822816,[475.57152939]
0.852089795832959,472.0830195459602,478.1973241264051,[476.81756199]
0.8541795195657196,473.55817370825247,478.86745395229275,[477.79966666]
0.8562664121648379,475.0313293486774,479.4956454057077,[478.52166934]
0.8583508095758903,476.50272361414005,480.01455852521235,[479.1437455]
0.8604329686548057,477.3675910865675,480.5271165752567,[479.72619361]
0.8625129150028532,477.86268997791433,481.03641748181906,[480.2684345]
0.8645911212605197,478.35737466779904,481.3320583936409,[480.72753774]
0.8666683411453913,478.85182456697504,481.49333658840703,[481.09723226]
0.868744865489684,479.3461089035298,481.6545607804649,[481.37909331]
0.8708208057849673,479.8403518563167,481.76429596188314,[481.56106293]
0.8728969048331954,480.33739786436706,481.5809134976248,[481.62327671]
0.8749738947787414,480.834657165206,481.3511017509061,[481.587718]
0.8770518768168443,481.33215398633354,481.121180232549,[481.45437286]
0.8791312915609837,481.829993816537,480.68810342692336,[481.18532473]
0.8812132174495917,482.32843484846774,479.96143521892793,[480.78045516]
0.8832983053458603,482.3783470924807,479.2312983003237,[480.25050429]
0.8853866012678149,481.8783809889746,478.4879520379319,[479.59219725]
0.8874785521826518,481.3775398310614,477.5583283958111,[478.80975349]
0.8895747215450931,480.87568872010985,476.5640853620335,[477.96041602]
0.891675273261638,480.3727884147015,475.5677637151566,[477.04453238]
0.8937801973308581,479.86884130931276,474.58628852748933,[476.0691165]
0.8958893850359723,478.91227238711014,473.6469851921308,[475.0912807]
0.8980027587227762,477.90905881280685,472.7081156476636,[474.12728827]
0.9001203278181549,476.9038536878099,471.7720285794131,[473.17835449]
0.9022416970633348,475.8968446405398,471.0158858981354,[472.28575383]
0.9043662656487543,474.88831687389836,470.35216780304705,[471.46204948]
0.9064938364771267,474.09713372595405,469.6875118032318,[470.70689852]
0.9086242884722189,473.5958370869986,469.0808058870056,[470.03409285]
0.9107570457273304,473.09399801897064,468.6725995617906,[469.44827126]
0.9128916249562432,472.5917302394088,468.2803714954499,[468.93032219]
0.9150279853468113,472.0890433514355,467.8914251975258,[468.48130054]
0.9171656121266779,471.5860584812968,467.72562528261955,[468.14250538]
0.9193036942984146,471.0858320513416,467.692119182037,[467.89738529]
0.9214419296562466,470.5856028476028,467.6586106808375,[467.74194509]
0.9235802095096501,470.08536323435305,467.67265443277785,[467.68725239]
0.9257180294766285,469.5852312091756,467.85985577576906,[467.72081002]
0.9278549582533537,469.0853076733907,468.06281784716475,[467.81348468]
0.9299909550034806,468.86422,468.2682398408,[467.96589197]
0.9321255569645956,468.86422,468.6747654339992,[468.21641972]
0.9342580211215663,468.86422,469.20765529924455,[468.55336961]
0.9363880661330265,468.86422,469.73994063467165,[468.9726503]
0.9385156270523013,468.86422,470.3039856890562,[469.48158676]
0.9406403443588338,468.9181078822591,470.9982203692194,[470.0624505]
0.9427619034010517,469.4144357474243,471.7052751678927,[470.68685547]
0.9448802874518418,469.91002083961644,472.41112202015836,[471.35465081]
0.9469955912867913,470.4048853310985,473.0800021883968,[472.04865494]
0.9491079701012037,470.8990655290163,473.72030705149206,[472.72917661]
0.9512174975614139,471.39257866723136,474.359747611296,[473.39279472]
0.9533240837317654,471.88717168835365,475.04411127449737,[474.05104203]
0.9554270672542772,472.3820049791494,475.98662335746127,[474.77769732]
0.9575258053851574,472.87583932673454,476.9679599139748,[475.58961054]
0.9596202343110871,473.36865971579675,477.9472815548647,[476.48649403]
0.9617098259317127,473.8603418840043,479.1791220463936,[477.52024672]
0.9637933635701249,474.389708306823,480.7292466501957,[478.70590254]
0.9658702019754415,475.37557866797005,482.27545842086505,[480.03277717]
0.967940323613655,476.35826059539363,483.8539234081493,[481.50943763]
0.970002666867735,477.33725014195824,485.9211535720315,[483.19494551]
0.9720559502819028,478.311939003586,488.13352581492757,[485.0460153]
0.9740999692850336,479.28223007083966,490.3359158382819,[487.06112966]
0.9761348981158648,480.68787774632074,492.50422287757976,[489.22370453]
0.9781610668934894,482.6451707470479,494.58476367690196,[491.38960705]
0.9801787598648437,484.59427606051474,496.6506302380765,[493.51888316]
0.9821880945970817,486.53530725740177,498.70793900232167,[495.61188895]
0.9841892053340148,488.4683940181559,500.7411369667428,[497.67111747]
0.9861822612558105,490.39369977198476,502.7470087280307,[499.71167873]
0.9881673967401159,492.6714200767465,504.7448629371549,[501.73523691]
0.9901446755248111,495.12190714692224,506.75026715104957,[503.74581895]
0.9921128607449101,497.56112435336513,509.42127897519305,[505.91585445]
0.9940700944226762,499.98676906153787,512.4380186233344,[508.33860692]
0.9960158726473047,502.39821676319116,515.4371016573684,[511.0116666]
0.9979504702772338,504.7958080967089,518.377968479125,[513.91859193]
0.9998751934132251,507.5999066251777,520.7378805671474,[516.74774233]
1.0017915627078833,510.541946147365,522.9068092386747,[519.36493999]
1.0037000158594154,513.4718326852578,525.0667784940274,[521.77235919]
1.00560074639549,516.3898633454999,527.164408521535,[523.96896921]
1.0074948332883795,519.2976945828668,528.7557554614,[525.97343793]
1.0093834532835448,522.1971329550311,530.2205508961594,[527.80187334]
1.0112668700631944,524.1940151639012,531.6813107671413,[529.45550641]
1.0131451513261682,525.6737109061148,533.123897238209,[530.94537859]
1.0150185718131195,527.1495773658208,534.4437261477601,[532.36737126]
1.016887423821951,528.6218448130918,535.7335247322504,[533.74561472]
1.0187517872668264,530.0905762036999,537.0202255093529,[535.08034341]
1.0206116692026426,531.5557770954396,538.3184163377811,[536.37897318]
1.0224668479240326,533.0281077467491,539.7467250791256,[537.70472291]
1.0243170754165658,534.5111806216297,541.203395942288,[539.07219072]
1.0261623362609624,535.9902724178805,542.6561565990198,[540.48117349]
1.0280026945036425,537.465434472707,544.0906726178488,[541.92423756]
1.029838512700364,538.9369573971891,545.3432634248801,[543.32337215]
1.0316702129274613,540.4051795118661,546.5397707413615,[544.65746585]
1.033497911852292,541.8162581302983,547.7336643182549,[545.92684278]
1.0353216607956093,542.8049923883889,548.9097676964111,[547.13161655]
1.037142101010658,543.7919328398256,549.7262039606471,[548.22735168]
1.0389600901988623,544.7775444821531,550.3907509567573,[549.19009673]
1.0407758869720878,545.7619675202018,551.054496538252,[550.02030479]
1.0425895033931583,546.7452084937573,551.71491714026,[550.72159215]
1.044401350300331,547.7274901362508,552.1312613672698,[551.3228565]
1.0462120946249467,548.3565957733665,552.3869635424905,[551.82190965]
1.0480220011361974,548.8514781521862,552.6425474069038,[552.21892236]
1.0498310709959524,549.3461317655531,552.8980131244087,[552.51469636]
1.0516394101744995,549.8405855889021,553.0892283782033,[552.75418811]
1.0534472432303215,550.3349010232146,553.2076260059031,[552.95935373]
1.055254689572119,550.8291107183879,553.325927223064,[553.13019868]
1.0570617495640264,551.3240887338911,553.4442031529159,[553.26674619]
1.0588684859828037,551.8209661480926,553.5241346976088,[553.37547277]
1.0606750827325788,552.3178051513935,553.5297777491844,[553.45601071]
1.0624816641529953,552.8146399389096,553.5335283495756,[553.50791099]
1.0642882333325652,553.3114713600243,553.5372789245941,[553.53117993]
1.066094888965,553.8083265568681,553.4805552133093,[553.52028506]
1.0679020507627448,554.3053209561479,553.227270977044,[553.44465837]
1.0697100650386568,554.36526,552.9587500604325,[553.30096379]
1.0715189577267372,554.36526,552.6900986844832,[553.08916873]
1.0733287606071937,554.36526,552.4027027830429,[552.81970563]
1.0751396753298472,554.36526,552.0116717320041,[552.51580581]
1.0769518999797987,554.36526,551.6044127356242,[552.17722148]
1.078765463615976,554.36526,551.1968528304355,[551.80391002]
1.0805803737780135,554.1313954918555,550.786220238992,[551.39978938]
1.0823966840866284,553.6318851260089,550.3473846122885,[550.9837176]
1.0842144557891318,553.1319728567032,549.9009724788068,[550.55785754]
1.0860337043674426,552.6316544261972,549.454197651027,[550.12219375]
1.087854417456687,552.1309332350017,549.0166866886581,[549.67981036]
1.089676252337112,551.629903535772,548.7776942831509,[549.28738778]
1.0914987498182063,551.128943068657,548.6175358043075,[548.96652861]
1.0933217794982895,550.6304724243834,548.4573305565192,[548.71731183]
1.095145335439851,550.1318578845379,548.3009290002634,[548.53837241]
1.096969029288143,549.6332056368824,548.374376914778,[548.43754307]
1.098792254823064,549.1346814400592,548.5826554402731,[548.42882298]
1.1006147884026614,548.6363464444431,548.790854919438,[548.51220407]
1.1024366304717377,548.1382005284117,548.9991818639663,[548.68676728]
1.1042573661872925,548.3553028775955,549.4580692099316,[548.95769036]
1.106076213700614,548.8526299928401,550.1397552400996,[549.34696531]
1.1078928102380357,549.3493416241903,550.8205976268197,[549.85440099]
1.1097071641362546,549.8454400511475,551.5005994946415,[550.47975539]
1.1115188968323122,550.3408217633171,552.4157668087498,[551.21917979]
1.1133270736556273,550.8352311939072,553.6721747925197,[552.10228468]
1.1151311519222098,551.3294246497799,554.9286026765283,[553.12928594]
1.1169311547256535,551.824450226967,556.1821922549432,[554.29968413]
1.1187269776091036,552.3183262685516,557.5149783981229,[555.57448703]
1.1205181878219732,552.8109337621582,559.0506647073339,[556.91910951]
1.122304475289542,553.3021874329658,560.5920730409292,[558.3349771]
1.124085864579837,553.7920940375202,562.129254680036,[559.82174271]
1.125862335078121,554.2806479064844,563.7008106444371,[561.36820077]
1.1276335559146882,555.5867984764133,565.4666256171839,[562.972191]
1.129399219003588,557.0604868936631,567.2551255995184,[564.63795414]
1.1311593325439908,558.5295434502866,569.0380042562443,[566.36514153]
1.1329139114184192,559.9939805677934,570.839504071715,[568.14981489]
1.134662326039173,561.4532727687539,573.0582307893563,[570.04771618]
1.1364037642403146,562.9067421891165,575.4226486960301,[572.08959695]
1.1381380759560495,564.5651595217626,577.7773906982837,[574.27444356]
1.139865347969379,567.0241164569968,580.122574624709,[576.5952112]
1.1415853408335557,569.4727107428316,582.6785655862876,[579.0002949]
1.1432974480478082,571.9100789603806,585.4792927497049,[581.51445591]
1.1450014033447808,574.3358420495094,588.2670406659337,[584.13686841]
1.1466973215588334,576.7501634892442,591.0416395509775,[586.86663464]
1.148385402955117,579.1533283785022,593.7415054905656,[589.63236961]
1.150066264198024,581.5744254816937,596.1294990597487,[592.29492119]
1.1517404743659219,584.0276841432221,598.4682306640036,[594.84521869]
1.1534081672704102,586.4713929087964,600.7978581961314,[597.28427335]
1.1550694198736025,588.9056645527712,603.1174407313887,[599.62825716]
1.1567247063115724,591.3311938376396,605.1360291153817,[601.87988968]
1.1583748004130676,593.7491146724608,606.9186800751014,[603.99250203]
1.1600200619644636,596.1599542604858,608.6961102718982,[605.96706505]
1.1616605331776133,598.3905759431135,610.4683653086261,[607.80479619]
1.1632963656518949,600.3586669868097,612.1530392518833,[609.55904873]
1.1649283606532213,602.322141117544,613.3420640473479,[611.16489472]
1.1665573055597598,604.2819456400952,614.4475397245075,[612.60275208]
1.168183325019358,606.2382305198879,615.5510300610733,[613.87341827]
1.1698064347372448,608.1910146520844,616.6525457152262,[614.99829489]
1.171426963338423,610.1406934096436,617.5132513439029,[616.04109171]
1.1730457064119433,611.8306989693766,618.0134734023687,[616.93257513]
1.1746631449908325,612.8206702927826,618.5097233548595,[617.67224845]
1.1762792868866097,613.8098479668264,619.0055754692806,[618.26050589]
1.1778941463186423,614.7982406946306,619.4925064573254,[618.75531967]
1.179507976991401,615.7860037588463,619.7949559027059,[619.2006903]
1.18112111764272,616.7733444877431,620.0225800193292,[619.57890446]
1.1827336662913484,617.7603228747898,620.2501206006333,[619.89004074]
1.184345623588581,618.7088290604295,620.477577738588,[620.13630857]
1.1859570024943278,619.2062496537012,620.6954663562642,[620.36143618]
1.1875678662579174,619.7035112264491,620.8744831237758,[620.57441195]
1.1891782710953729,620.2006311321386,621.0492823192128,[620.77420238]
1.1907882227992301,620.6976111588817,621.2240323298804,[620.96081603]
1.1923977217517807,621.1944514246892,621.398733197369,[621.13663274]
1.1940069257600405,621.6912006434043,621.4517651703998,[621.28095325]
1.1956161884206278,622.1879679676534,621.3534409037503,[621.3569929]
1.1972257063448002,622.25397,621.254660939442,[621.36465005]
1.1988354802242558,622.25397,621.155865266362,[621.30393307]
1.2004455334581585,622.25397,621.0390979549521,[621.20076627]
1.202056296509328,622.25397,620.6086037144337,[621.01455697]
1.2036683265007335,622.25397,620.0633421948098,[620.71672728]
1.2052817753029395,622.25397,619.517600769173,[620.30716116]
1.2068966466688098,622.25397,618.9713781681875,[619.79023121]
1.2085130385857805,621.9227310294272,618.3526143403519,[619.22623387]
1.2101313918830918,621.4231574937423,617.4721085993756,[618.57842547]
1.2117520874184353,620.9228609267288,616.5666316612133,[617.84068319]
1.21337516658182,620.4218285516006,615.6598229984755,[617.0127944]
1.2150006399280766,619.9200571101608,614.7516716918864,[616.11255874]
1.2166285619284714,619.4175297875377,613.8091418191387,[615.19681704]
1.2182590293821804,618.9142167025509,612.8337207067502,[614.2635893]
1.219892096127983,618.1546356719783,611.8567445774206,[613.3128197]
1.2215277746370683,617.1535003958444,610.8782059704643,[612.34445327]
1.223166055908516,616.1507720699749,609.9141464228146,[611.37070442]
1.2248067500935436,615.1465668934347,609.0826348473167,[610.43293295]
1.2264496465227532,614.1410138087787,608.2800872728793,[609.53876863]
1.2280947134124491,613.1341322695723,607.4764794381026,[608.688337]
1.2297419593877486,612.1259169967165,606.6718071297754,[607.87775217]
1.2313913245753012,611.1215459552119,605.916400308202,[607.08619354]
1.2330426341922798,610.1224524335408,605.2438788345032,[606.32714143]
1.2346957789570183,609.1222485905713,604.5718975507191,[605.60099596]
1.2363507632391586,608.1209317825343,603.8991685274555,[604.90783631]
1.23800754289105,607.1185287201275,603.26229943798,[604.24431109]
1.2396653966258349,606.1154758042653,603.1167599114124,[603.71253136]
1.2413234381565132,605.1123092660645,603.1256430097601,[603.35096772]
1.2429814552671898,604.53961,603.1345259774672,[603.15980708]
1.2446394479589435,604.53961,603.1434088141876,[603.13008443]
1.2462971505323583,604.53961,603.3456732963024,[603.18731277]
1.2479537577909414,604.53961,603.9413747154429,[603.3912457]
1.2496087169095174,604.53961,604.5479961048097,[603.74461323]
1.2512620170551894,604.53961,605.154009401764,[604.24726338]
1.2529136533707212,604.53961,605.76663523234,[604.85250386]
1.254563433257145,604.53961,606.51676221723,[605.49635074]
1.2562111036674446,604.53961,607.3187600958818,[606.18904174]
1.2578566011020582,604.53961,608.1197002860357,[606.93046446]
1.259499934135663,604.53961,608.919586961454,[607.71870239]
1.2611409500267416,604.53961,609.8383467375124,[608.54909852]
1.2627790505497483,604.53961,611.0892283728273,[609.49171559]
1.2644137786058314,604.53961,612.3571672959858,[610.55108234]
1.266045128787403,605.0448756948401,613.6224862490651,[611.72680716]
1.2676731145500493,606.5266315976485,614.8907953560297,[612.98991932]
1.2692971163173281,608.0047613577792,616.6374352691715,[614.37697104]
1.2709161273688392,609.4783486810425,618.687986921556,[615.95967595]
1.2725297900813572,610.9470680668489,620.7317646575298,[617.73699555]
1.2741381571119166,612.4109674424428,622.7688351698322,[619.7065055]
1.275741262092707,613.8700774190845,624.8134477772082,[621.75050863]
1.2773390145949772,615.4030129308975,626.9485214205716,[623.81564226]
1.2789313211108668,617.3765725338122,629.0947211103583,[625.90638137]
1.2805182137397657,619.343421978505,631.2336236606528,[628.02257849]
1.2820997473317406,621.3036292480398,633.3653030016313,[630.1605423]
1.2836759027479425,623.2571706210673,635.5488546928752,[632.31062562]
1.2852464800102807,625.203798237846,637.8725218659108,[634.50507581]
1.286811347977527,627.1433495574153,640.1947943541784,[636.74536848]
1.288370559875499,629.0758905496895,642.5086732049768,[639.03121103]
1.2899241765952159,631.0342893746737,644.8142487812981,[641.34755955]
1.2914722587297411,632.9945050791779,647.1109508623477,[643.6571668]
1.2930148667844126,634.9477893831717,649.3986979672821,[645.9581427]
1.2945520594122932,636.894216554456,651.6784110229124,[648.25057716]
1.2960838932536476,638.8338583121812,653.9501768015834,[650.53455916]
1.2976104250167175,640.7667864615727,656.2131720849653,[652.81011447]
1.299132139323091,642.6936146411618,658.0966816512417,[654.98461039]
1.3006498605324088,644.6255172334793,659.670270297149,[656.98257521]
1.3021639699287495,646.5892167015636,661.2401141789371,[658.80505955]
1.3036744931759323,648.5482651720313,662.8062399052042,[660.45332651]
1.305181459015699,650.5026999210152,664.3656896483111,[662.02057851]
1.306685347550272,652.4531436092561,665.5211095970958,[663.48328833]
1.3081869466169658,654.4006180095005,666.3929154151235,[664.77148864]
1.3096865837844116,656.3455479565373,667.2635821840221,[665.88582421]
1.3111842667224867,658.2879433976889,668.1331143566703,[666.82768039]
1.3126800055136914,659.7503838996438,668.9993121453904,[667.69723103]
1.3141741669027294,660.7370688297369,669.5443996226271,[668.48510208]
1.3156673670412264,661.7231189880915,669.8608549574552,[669.13442027]
1.3171598620957101,662.7087035369238,670.1771608629781,[669.6454319]
1.318651653064053,663.6938231351894,670.4933175509954,[670.01893325]
1.3201427419368632,664.6784790974069,670.8084296849438,[670.33494076]
1.321633407772938,665.66285570294,670.8738953277096,[670.58820086]
1.3231241456127916,666.6472798569132,670.743634854692,[670.72981935]
1.3246151730147604,667.2760866803119,670.6133490795813,[670.75982724]
1.3261064901476447,667.7719175418597,670.4830379879664,[670.67847931]
1.3275980973973858,668.2678448610206,670.3525065574876,[670.54813212]
1.3290901984721302,668.7639363663707,670.0393362125766,[670.37205746]
1.330583175793902,669.2603192050052,669.565908039886,[670.1101972]
1.3320772094988755,669.7570532683267,669.0921448844127,[669.76247392]
1.3335723018326198,670.2541393029383,668.6180460343122,[669.32885879]
1.3350684550889547,670.7515780714859,668.1435748075779,[668.85491844]
1.3365658455786336,670.307140188923,667.51366264746,[668.34185709]
1.3380648145557372,669.8079059866693,666.737217685834,[667.75312529]
1.3395655311872536,669.3080897251003,665.9598674634873,[667.08858065]
1.3410680016002758,668.8076893635771,665.1816088071041,[666.34808915]
1.3425722320031641,668.3067028343944,664.402398458577,[665.5702731]
1.3440783393901952,667.8050911724068,663.5247406425758,[664.76715384]
1.3455865439786794,667.3027810338594,662.55600636157,[663.91618857]
1.347096956974502,666.8005986245605,661.5858535992967,[663.01724977]
1.3486095881072508,666.3005777058377,660.614276106563,[662.07021918]
1.350124447358843,665.7998202519433,659.6411103550555,[661.09931161]
1.3516416035290089,665.2983035201848,658.6155396983736,[660.11419494]
1.3531611729068698,664.7959890696022,657.5476745040063,[659.10465017]
1.354683214107423,664.292857524206,656.4780722560921,[658.0705992]
1.356207739232533,663.7889048835591,655.406724449949,[657.01200273]
1.3577347621561637,663.2841265614331,654.3321898943478,[655.94116528]
1.3592644117531758,662.4869077950958,653.1578505059252,[654.84370928]
1.3607968866958076,661.4807508027181,651.9217553772662,[653.70463006]
1.3623322728675955,660.4726824227606,650.6833120496027,[652.52377696]
1.363870586923217,659.4626917204798,649.442507089098,[651.30135626]
1.3654118335644876,658.4507756088665,648.2095053319855,[650.06426996]
1.366955754644244,657.4371035762208,647.1942912807345,[648.88240394]
1.3685019944497732,656.4219091681778,646.2668013650764,[647.77827627]
1.3700504565378209,655.380113529709,645.3379784448878,[646.75214411]
1.3716011505177463,653.8774123274084,644.4078167561756,[645.80172196]
1.3731540210727706,652.3726019133226,643.5301393751172,[644.88568399]
1.374708437828242,650.8662931524957,643.1262158576016,[644.10053761]
1.376263696715387,649.3591683233185,642.8333888330611,[643.47439021]
1.3778196643857605,647.8513566472045,642.5404283577282,[643.00754311]
1.3793763418092957,646.3428571842396,642.2473342486068,[642.68684182]
1.380933561082925,644.8338326410212,642.0933251736533,[642.42861915]
1.3824904345283033,644.19771,642.5327566446279,[642.35346111]
1.3840461626401823,644.19771,643.0391212534078,[642.47813433]
1.3856006666483958,644.19771,643.5450874361456,[642.80257263]
1.3871539494379141,644.19771,644.0506561316008,[643.29190537]
1.3887058047192784,644.19771,644.7296697091366,[643.84113363]
1.3902555444538165,644.19771,645.8105147400978,[644.533982]
1.3918026754261072,644.19771,646.9057914721863,[645.37415801]
1.3933471913659534,644.2481925076993,647.9992169168872,[646.36129821]
1.394889105488884,644.7433831379877,649.0908004298894,[647.45158089]
1.3964282191919761,645.2376744045282,650.3595928221015,[648.58885041]
1.3979640429209277,645.7309090853975,651.8749478347721,[649.8311395]
1.3994963027965,646.2229992234061,653.3884222014699,[651.17844082]
1.4010250216002946,646.713952134938,654.8983989098571,[652.63034044]
1.4025502237466123,647.2037756607236,656.40492219968,[654.14167279]
1.4040717690235587,647.6924247712666,658.0502991419908,[655.68551061]
1.4055893634909014,648.6904375131511,659.827222812055,[657.29521077]
1.407102881988159,650.1681534694047,661.5993740032887,[658.97045454]
1.4086123571820508,651.6419217673307,663.3667909641941,[660.71092173]
1.4101178211496637,653.111773725227,665.129649112751,[662.48075922]
1.411619239164648,654.5776754382015,666.9468960231002,[664.26067753]
1.4131165230099503,656.0395407759908,668.8077692511689,[666.06277634]
1.4146096523631195,657.4973498968747,670.6634791408624,[667.88694838]
1.4160986616159281,658.9511363790824,672.5140684353719,[669.73305321]
1.4175835846082339,660.8114084267415,674.3596520617842,[671.58624222]
1.4190642702061673,662.7749555373589,676.3689756896517,[673.47654383]
1.4205404014124938,664.7324630386945,678.527572733945,[675.44256723]
1.4220118514299438,666.683762784038,680.6793243161752,[677.4838812]
1.4234786645142232,668.6289134611784,682.824295152567,[679.60004197]
1.4249408842280769,670.5679728389641,684.96254894687,[681.74843529]
1.4263986920965477,672.5011816389726,686.9632697557431,[683.85735954]
1.4278524563618613,674.4290281896915,688.7779887782002,[685.88202566]
1.429302401590928,676.3942275676038,690.5868308270901,[687.82265958]
1.4307485588865172,678.360196129594,692.3909473366134,[689.67975917]
1.432190957782168,680.321055360708,694.1903751504367,[691.48653552]
1.4336297679926187,682.2770359784761,695.8490011596073,[693.25428862]
1.4350655180842065,684.2288565387603,697.1523034837435,[694.89565678]
1.436498607405577,686.1770599333227,698.4352991075704,[696.40674473]
1.437929069017176,688.1216911059585,699.7159422329457,[697.7881365]
1.4393569173207528,690.0627696350261,700.994245753528,[699.07444764]
1.4407822067083438,691.6317263922581,702.2306502893675,[700.34403435]
1.4422052387171655,693.1109651011905,703.2198092060938,[701.54016187]
1.4436263143758614,694.5881701883798,704.1654279236085,[702.65253329]
1.445045484236352,696.0633942024385,705.1097784763501,[703.68141647]
1.446462755945719,697.5366450924914,706.052865952364,[704.63697039]
1.447878141650905,699.0079354852594,706.9901460140835,[705.57955459]
1.4492917949749458,700.4774250715573,707.7843225238726,[706.48427824]
1.4507039309211334,701.9453373468443,708.5102848568429,[707.33440484]
1.4521146214263678,703.1169744553182,709.2355041056287,[708.13006438]
1.4535238709201828,704.1069285646699,709.9599825475791,[708.87252351]
1.454931683809534,705.0958735038937,710.6837224482624,[709.59737349]
1.4563381932412,706.0839028044759,711.2764169164708,[710.2889065]
1.4577437276524579,707.0712471834286,711.6699990461176,[710.89753024]
1.4591484872475347,708.0580472780186,712.0612629128318,[711.42285033]
1.4605524753779888,709.0443054426123,712.4523119053914,[711.8649977]
1.461955693313444,710.0300225690805,712.843146377717,[712.25668006]
1.4633582200815551,710.66527,713.1546605214189,[712.62784543]
1.4647605245522834,710.66527,713.0691367635378,[712.87981389]
1.4661630510376615,710.66527,712.928903339255,[712.99896175]
1.4675658534548996,710.66527,712.7886423254706,[712.98533574]
1.4689689319669208,710.66527,712.6483537062161,[712.85875903]
1.470372295731473,710.66527,712.4989049816031,[712.71620109]
1.4717762517184902,710.66527,712.0473197407763,[712.49580519]
1.4731812435084444,710.66527,711.4487945253725,[712.16084324]
1.474587418281573,710.66527,710.8497653601102,[711.71119615]
1.4759947790310846,710.66527,710.2502309701802,[711.14902765]
1.477403328762832,710.66527,709.6501900747182,[710.54974523]
1.4788131237947277,710.66527,708.9960528025872,[709.9365598]
1.480224307805193,710.66527,708.2539539446379,[709.28760695]
1.4816369732211638,710.66527,707.5098425490032,[708.60250984]
1.4830511259505903,710.66527,706.764947721741,[707.88119925]
1.4844667707011112,710.66527,706.0192669831272,[707.1370028]
1.4858839171752825,710.66527,705.2678535918546,[706.39047771]
1.4873025985330528,709.8049516534686,704.4924101652914,[705.63611962]
1.4887228461691906,708.8055515520009,703.7131460742814,[704.8731692]
1.4901446682777673,707.8050435254959,702.9330180986847,[704.10160698]
1.4915680701067617,706.8034238810549,702.1520233593683,[703.32264942]
1.4929930546807104,705.8006904903718,701.3723752264393,[702.54264069]
1.4944195869154244,704.7968680414942,700.6292852863808,[701.77167549]
1.4958476200607334,703.7919894315908,699.8988121461305,[701.013124]
1.497277145180873,702.786060948581,699.1675758249729,[700.26701212]
1.4987081669619813,702.1445690784669,698.4355739259336,[699.5328118]
1.5001406900773577,701.6457600915834,697.7028404722324,[698.80120059]
1.501574698593742,701.146433883467,696.9893810333048,[698.07384281]
1.5030101591111087,700.6466020841101,696.2920619444604,[697.35496434]
1.5044470586495997,700.1462692131394,695.5940438070526,[696.64458181]
1.5058854015456875,699.6454337605818,694.8953245140697,[695.94270282]
1.5073251921576687,699.144094208865,694.1959019487308,[695.24433305]
1.5087663741267456,698.6422701822969,693.554202164836,[694.55986811]
1.5102087766828003,698.141301730402,693.0214710643586,[693.91672492]
1.511652286243379,697.6407013256269,692.4908580217883,[693.3156083]
1.5130969027254628,697.1397170471535,691.9598380909725,[692.75659234]
1.5145426286794152,696.6383480105311,691.4284103344386,[692.22514438]
1.5159893664224464,696.1366280915619,690.992286634871,[691.71784827]
1.5174366541257307,695.6347174496955,690.9029673751439,[691.32087561]
1.5188840959010317,695.1327533765835,690.845188319241,[691.04221317]
1.5203316587437101,694.6307473180357,690.7874044307155,[690.88196169]
1.5217793426841502,694.1309775238179,690.7296157080611,[690.81629396]
1.5232270954473117,693.6326565374452,690.7217280267737,[690.77098412]
1.5246744855615595,693.1344603759521,691.0758341202813,[690.82864557]
1.526121059013813,692.6365453120476,691.5018613188669,[691.00725979]
1.5275667417952379,692.1389368198016,691.9276262078843,[691.30676242]
1.5290115355489986,691.6416343336319,692.3531292713906,[691.71461273]
1.5304554278324034,691.1446421363516,692.7918871955663,[692.143626]
1.5318981295880154,690.648059722426,693.4963797500004,[692.64225561]
1.5333392602779001,690.7164881187844,694.3032765479214,[693.23616819]
1.5347787180731358,691.2128082029341,695.1092366832927,[693.92519504]
1.5362165087860333,691.7085534828421,695.9142634101503,[694.7057891]
1.5376526380342037,692.2037258954415,696.7185163854178,[695.51132326]
1.5390870493942326,692.6983059861334,697.5821864088957,[696.33105072]
1.5405196366943636,693.1922571472624,698.4938871072793,[697.17721333]
1.5419503565599282,693.6855644233923,699.4043993673928,[698.04974732]
1.5433792162747801,694.1782303259707,700.3137278249825,[698.94855018]
1.5448062230755473,694.9101634217707,701.2218770850884,[699.85847285]
1.5462314708524891,695.8998557233886,702.043378116424,[700.7458456]
1.5476552268270432,696.8885121171713,702.6920275203562,[701.56775264]
1.5490776746685468,697.8762601431392,703.3352166205467,[702.32312484]
1.5504988228905092,698.8631057130735,703.977818070973,[703.01211008]
1.5519186750486296,699.8490512960532,704.6198334793074,[703.65622392]
1.553337259390215,700.8341165070126,705.2366863155147,[704.29238862]
1.554754735173847,701.8184119351386,705.7223297278948,[704.8891669]
1.5561712554405918,702.6538748181737,706.1884384552712,[705.44182199]
1.5575868413711857,703.1504965319416,706.6542397375104,[705.95042356]
1.559001494812057,703.6467911058064,707.1197341822162,[706.42118553]
1.5604151935129602,704.142750733845,707.6090464089255,[706.8928647]
1.5618273112351944,704.6381557164049,708.7043137070502,[707.52183351]
1.5632369888530202,705.1327046514393,710.0610860902648,[708.3735451]
1.564643978005729,705.6263104080167,711.4152709066092,[709.44742928]
1.5660482940168658,706.1189783620066,712.7668829042899,[710.7368884]
1.5674499520649583,706.6498252973101,714.1159366925019,[712.08979415]
1.5688485771475698,707.6380068781611,715.8619799694507,[713.54001762]
1.5702432295121538,708.6233815832957,718.1909250769512,[715.23393116]
1.5716333688278057,709.6055676484698,720.5175611678618,[717.17160073]
1.5730190335989023,710.5845922784836,722.8367083426051,[719.35179364]
1.5744002667573755,711.5604858063725,725.1484384548464,[721.67340826]
1.5757770952441028,712.5332672668869,727.4690251136719,[723.99293327]
1.5771494499851568,713.5028878566814,729.8841159149043,[726.33457196]
1.5785172621068961,714.4692989139203,732.3090236539645,[728.70265078]
1.5798805598428798,716.1068312945185,734.7259281237366,[731.0970232]
1.5812393875991257,718.0622371034988,737.1349080486244,[733.51349394]
1.5825937890583806,720.0112732995472,739.5360408711076,[735.92647517]
1.5839437228088538,721.9538802894913,742.0223183382524,[738.35479885]
1.5852890585673551,723.8898705907718,744.5998871591357,[740.8232886]
1.5866297531561573,725.8191820689644,747.1685937026357,[743.33171002]
1.587965854253877,727.7418833354477,749.7284993372244,[745.87982463]
1.589297408754688,729.658041872754,752.2796939102669,[748.44416853]
1.5906244692464941,731.6104779590537,754.8148746635153,[750.9979154]
1.591947155503761,734.5518494140151,757.2634686752871,[753.52163415]
1.593265596748727,737.4837808691741,759.6832262621431,[756.01031588]
1.5945798517399743,740.4064029910546,762.0953007463005,[758.46421759]
1.595889960102466,743.3198038971036,764.4997648525404,[760.88544013]
1.597195960839959,746.2240703233374,766.8966901647984,[763.29374551]
1.5984978720573406,749.1192425311542,769.3101646308057,[765.7004801]
1.5997956439923218,752.005209859863,771.7966759455479,[768.1258239]
1.6010892427979342,754.8818970410416,774.2817204619886,[770.5713128]
1.602378703038256,757.6838200623365,776.7588146627268,[773.03684393]
1.603664064182445,760.138411851814,779.2280343689457,[775.51631136]
1.6049453650762566,762.5852499782181,781.6894542051277,[777.98950592]
1.6062226966776163,765.0245081394842,784.0783176811696,[780.43865523]
1.6074962437531193,767.4565391754113,786.341962729851,[782.83444225]
1.6087661371316262,769.8815929235243,788.5966366726699,[785.17659282]
1.6100324100692478,772.2997328914043,790.8448825845452,[787.46544992]
1.6112950933562091,774.7110178776488,793.0867551332275,[789.71755928]
1.6125542173487615,777.1155058521185,795.3223082155982,[791.96264565]
1.6138098758150932,779.5066376576926,797.4703907711794,[794.18108418]
1.6150622497610585,781.4736604421671,799.4992959954193,[796.34468753]
1.616311454139042,783.4357049911412,801.5223050269068,[798.453575]
1.6175575134849751,785.3928098416166,803.540220874261,[800.50805317]
1.6188004514341359,787.345012115996,805.5530818127822,[802.52872593]
1.6200402913272376,789.2923484740288,807.5609256419137,[804.54413334]
1.6212773761094996,791.2353575575978,809.1446939055069,[806.44973056]
1.6225125236463698,793.175323935083,810.0956236017201,[808.08858124]
1.6237462277294004,795.1130231729492,811.0392215350299,[809.46011617]
1.624978498133105,797.0484706233926,811.9817229194059,[810.56531549]
1.6262093398441118,798.6779597369002,812.9231315688246,[811.50992491]
1.627438757820208,800.1532041751946,813.8634512753129,[812.45188182]
1.628666861703407,801.6268717630799,814.6636711144841,[813.35799422]
1.6298939731454807,803.0993484677354,815.180312397817,[814.15764159]
1.6311203135693684,804.570899986398,815.6883723010155,[814.84895177]
1.632345890629518,806.04153550405,816.1961159507899,[815.43211794]
1.6335707057496782,807.5112567291228,816.7035439365044,[815.94208615]
1.6347947603491768,808.9800653647446,817.2106568469732,[816.44967226]
1.6360181155606042,810.4480347671824,817.6376012215393,[816.93697949]
1.63724101530635,811.7318862790462,817.8194603139796,[817.34281558]
1.63846365596658,812.2274531046539,817.984161576642,[817.66296999]
1.6396860504974295,812.7229201678706,818.1488296832647,[817.8975132]
1.6409081990474834,813.2182875289212,818.313464654238,[818.06647906]
1.642130101765177,813.7135552479704,818.4780665088838,[818.23113061]
1.6433517689388004,814.2087274951192,818.6290443241272,[818.39235129]
1.644573261403429,814.7038289283448,818.7122108001874,[818.53319657]
1.6457946367180711,815.1988828777521,818.7860913964553,[818.65135326]
1.6470159018356823,815.6938921615479,818.8599653270365,[818.74682796]
1.6482370567860842,816.1888567918196,818.9338325933504,[818.82302503]
1.6494581015990857,816.6851732653264,819.0076931977139,[818.89689563]
1.650679052663115,817.1820656742167,819.0595978926933,[818.96527225]
1.651900073413096,817.6789864433102,818.9142168735672,[818.97883514]
1.653121345984125,818.1760096964188,818.7218645683585,[818.92584313]
1.6543429055510535,818.673149748708,818.5294670612554,[818.8062866]
1.6555647523163062,819.1704066825589,818.3370243195266,[818.62564321]
1.6567868864825468,819.66778058045,818.1445363120043,[818.43322307]
1.6580093124597783,820.165273237127,817.946373560153,[818.23935031]
1.659232116612726,820.6629198005807,817.6385776419454,[818.01662796]
1.6604554128921203,820.9771351878479,817.2884023860149,[817.75447248]
1.6616792335296502,820.4782162194786,816.938077029885,[817.45285765]
1.6629035792001827,819.979083209185,816.5876013799779,[817.11316461]
1.6641284505800338,819.4797358812514,816.236975243129,[816.76276401]
1.665353849042951,818.9801736756376,815.8852718416067,[816.41198137]
1.6665798194136654,818.4803783184985,815.4756271523645,[816.0463689]
1.667806431771313,817.9803212404435,815.0314649553139,[815.6573348]
1.6690337129524018,817.4799915009452,814.5870605740408,[815.24485613]
1.6702616640521755,816.9793886535019,814.1424136118445,[814.80914157]
1.6714902861688712,816.478512250392,813.6975236713062,[814.3646157]
1.6727195804525403,815.9800714041016,813.2523257884646,[813.91983091]
1.6739495954431032,815.4823736775802,812.7442763666493,[813.45913486]
1.6751804214955184,814.9843477732373,812.180900095146,[812.96875648]
1.676412101914274,814.485976168892,811.6171327610667,[812.44865875]
1.6776446384809955,813.9872581436498,811.0529735493091,[811.89882069]
1.6788780329835096,813.4881929741072,810.4884216414679,[811.33485701]
1.680112287215874,812.9887799343392,809.9234762159494,[810.77050104]
1.6813474149418033,812.4890134551703,809.342463254431,[810.20183367]
1.6825834446193557,811.9888820216912,808.7418852451259,[809.62406159]
1.683820392900909,811.4889851732801,808.1408140702542,[809.0371597]
1.685058261873464,810.990135715753,807.5392955033955,[808.44111452]
1.686297053595966,810.4909143987476,806.9373285439298,[807.83983084]
1.6875367701350465,809.9913203894308,806.334912187437,[807.23808758]
1.6887774021793245,809.4913574402011,805.746829033799,[806.63959132]
1.6900189231464815,808.9910362634805,805.1806542342324,[806.049931]
1.6912613175472702,808.4903631012888,804.6143080377153,[805.46917587]
1.6925045870524063,807.9893372803436,804.0475629244816,[804.89733856]
1.6937487335136896,807.487958054387,803.4804180500579,[804.33073581]
1.6949937587894603,806.9862246745256,802.9128725679052,[803.7637904]
1.6962396705323828,806.4877153347423,802.3374738801128,[803.19458186]
1.6974864862250758,805.9890137364611,801.7490649988241,[802.61995737]
1.698734217796238,805.4899458049206,801.1600192270612,[802.03985767]
1.6999828674266697,804.9905106678439,800.5705400452997,[801.45427454]
1.701232437145836,804.490707513485,799.9806264960484,[800.86506269]
1.702482928990689,803.9905355271035,799.390277617268,[800.27536585]
1.7037343695774783,803.4899840627265,798.7681361349911,[799.67739507]
1.704986828104322,802.9890254424762,798.0914135579679,[799.05761345]
1.7062403502701933,802.487641387668,797.4131701394804,[798.41574936]
1.7074949395338592,801.9871653805204,796.734349346142,[797.75176729]
1.708750598625166,801.486958426992,796.0549497010547,[797.07347069]
1.7100073302856194,800.9863242025995,795.3749697207708,[796.39435973]
1.7112650560953107,800.4852939468594,794.796949188072,[795.74030449]
1.7125235677542805,799.983950638575,794.3819210696746,[795.15219742]
1.7137827356014155,799.4823459298154,793.9687820239795,[794.6306555]
1.7150425589937777,798.9804800767029,793.5554278909369,[794.17577004]
1.7163030389562999,798.478352670943,793.1418583340787,[793.76199733]
1.7175641765165888,797.9759633031762,792.7280730160483,[793.34853532]
1.7188258500036968,797.4748256468575,792.4681558066561,[792.97337876]
1.720087772182718,796.9754501067325,792.4156313600577,[792.68842963]
1.7213497771283066,796.4760418137167,792.3642136764074,[792.49401846]
1.7226118639725745,795.9766011112562,792.3127926559467,[792.39019837]
1.723874032731468,795.4771279930403,792.2613682982078,[792.3385015]
1.7251362834209392,794.9776224527568,792.2099406023056,[792.28707881]
1.7263984979429923,794.4781312248645,792.3067738913369,[792.27271886]
1.7276604301359733,793.9787517219542,792.564476721723,[792.33563988]
1.728921952091167,793.4795345608428,792.8221624907602,[792.47583843]
1.7301830641553422,793.10041,793.07976453291,[792.69329441]
1.7314437667277829,793.10041,793.3372829300278,[792.95092167]
1.7327040601625954,793.10041,793.594773851078,[793.20849595]
1.7339638989746904,793.10041,793.9099605937777,[793.48044548]
1.7352231974332448,793.10041,794.2759794751854,[793.77949921]
1.7364819158480052,793.10041,794.6418297650063,[794.10563592]
1.7377400550197533,793.10041,795.0075116962998,[794.45882038]
1.7389976157474307,793.10041,795.3730255008495,[794.82458661]
1.740254598842399,793.10041,795.7383533581196,[795.19018008]
1.7415110083060703,793.1047700294175,796.0994676347259,[795.55458955]
1.7427668505459213,793.6021680009629,796.4573341084506,[795.91704515]
1.7440221287604252,794.099342580545,796.8150398568902,[796.27754874]
1.7452768437088473,794.5962940688839,797.1725850964114,[796.63610667]
1.746530996148751,795.0930227660257,797.5299700424841,[796.99373228]
1.7477845872989466,795.5895291547012,797.8866054702677,[797.35105012]
1.749037679839058,796.085838060256,798.1647608296761,[797.68848036]
1.7502903789509814,796.5819911417939,798.3878510577391,[797.99229685]
1.7515427281240936,797.0780056240321,798.6108789662944,[798.26252408]
1.7527947276514946,797.573881623058,798.8338446070516,[798.49933387]
1.7540463778258761,797.69479,799.0567480324403,[798.72233067]
1.7552976794900803,797.69479,799.2788858478768,[798.94508936]
1.7565486942934394,797.69479,799.4232325716464,[799.14817776]
1.7577995244541145,797.69479,799.5148722547804,[799.31843468]
1.7590502112621775,797.69479,799.6065014358172,[799.45587303]
1.7603007547669045,797.69479,799.698120117635,[799.56068159]
1.7615511550175431,797.69479,799.7897283044013,[799.65230553]
1.7628014129135061,797.69479,799.8802380765501,[799.74364698]
1.7640516189339124,797.69479,799.8560996235692,[799.80604653]
1.765301922841158,797.69479,799.7550000452625,[799.82026651]
1.7665523848232918,797.69479,799.6538876847342,[799.78630636]
1.7678030049402849,797.69479,799.5527625375249,[799.70443747]
1.7690537832521462,797.69479,799.4516245987675,[799.60331872]
1.7703047212822975,797.69479,799.3486037883839,[799.50171965]
1.7715559673285772,797.69479,799.058098083369,[799.35277225]
1.7728077660861175,797.69479,798.6429085798087,[799.12530876]
1.774060215953489,797.69479,798.2275031196232,[798.81927839]
1.7753133179477545,797.69479,797.8118813659651,[798.43509779]
1.7765670730886258,797.69479,797.3960429800466,[798.01958401]
1.7778214846779736,797.69479,796.9770918653126,[797.60312983]
1.7790767376737078,797.69479,796.32747642586,[797.12812316]
1.7803331304199244,797.69479,795.5318411743029,[796.55811311]
1.781590780982073,797.69479,794.7354093863981,[795.89295471]
1.7828496931454605,797.69479,793.9381786647151,[795.13322641]
1.7841098707144183,797.69479,793.1401466003822,[794.33639396]
1.7853713223999759,797.69479,792.3351739774643,[793.53722716]
1.7866342857997866,797.69479,791.2427444984303,[792.66406094]
1.7878991207418142,797.69479,789.9922328226512,[791.67757447]
1.7891659610257484,796.7264604563609,788.7397385139692,[790.57747245]
1.7904348162201185,795.7242508057248,787.4852521120434,[789.36499199]
1.7917056959697915,794.7204420531016,786.2287640812782,[788.11149688]
1.7929786310182598,793.7150099156377,784.9443597617973,[786.84952862]
1.794254108406086,792.7075697026653,783.0981564010679,[785.43913309]
1.7955327860725245,791.6976017385955,781.0204495318432,[783.82293244]
1.7968148744462957,790.684939815578,778.9372006481472,[782.00004159]
1.79810040096694,789.669562260397,776.8483651637654,[779.97604294]
1.7993893934439078,788.6514471076623,774.7538978919016,[777.88997831]
1.8006818864606258,787.2012862326505,772.646115117364,[775.79639471]
1.8019779710127088,785.6903193388052,770.4661673417688,[773.67863638]
1.803277746179404,784.1750499505833,768.264641875123,[771.53270556]
1.804581256708785,782.6554259009731,766.0567895477584,[769.35842847]
1.80588853499208,781.131409428493,763.8425554967437,[767.15753857]
1.8071996138913797,779.602962222732,761.6218840607353,[764.94646775]
1.8085144666117923,778.0701155209999,759.4640853099183,[762.7463286]
1.8098328698350756,776.5331296662434,757.5249758454216,[760.61337518]
1.8111546415139106,774.9922168880362,755.598111375861,[758.55226415]
1.8124797925174403,772.4758213407626,753.6663205634104,[756.56337327]
1.8138083488985208,769.9490044550616,751.7295654281389,[754.6297433]
1.8151403370436194,767.4156606056636,749.7878107373234,[752.69545203]
1.8164757549739887,764.8757935560016,747.8731262552084,[750.76420575]
1.8178145729005306,762.3294599627566,745.9843710976695,[748.84371838]
1.819156789212507,759.7766628894346,744.0908216227782,[746.93403243]
1.8205024299210728,757.2173528647254,742.1924411350078,[745.03519003]
1.821851521370903,754.6514797829873,740.2891924682997,[743.13920658]
1.8232041030350856,752.2663780831531,738.3670930828879,[741.23488708]
1.8245603169452802,750.2592748670745,736.3293421722663,[739.29451721]
1.8259203166419211,748.2465689476944,734.2621270394252,[737.31193869]
1.8272841560887754,746.2281804623535,732.1890754424528,[735.28690943]
1.8286518679937622,744.2040610055824,730.1101376646551,[733.22267058]
1.8300234855318154,742.1741614807638,728.0252632797285,[731.14665086]
1.8313987612566986,740.138848091291,726.230788120822,[729.13881613]
1.8327770875573752,738.0990200596666,724.8058262044258,[727.29300382]
1.8341581278109511,736.0551755645984,723.3792903936712,[725.610292]
1.8355418969341153,734.4608191038583,721.9499358161919,[724.09146013]
1.8369284111674922,732.9500755857127,720.5177456965268,[722.66319953]
1.8383176210103662,731.4363949361066,719.150863866425,[721.24945894]
1.8397091056031383,729.9202357229335,718.1636087360718,[719.94553853]
1.8411024479238947,728.4020523325516,717.2344325627967,[718.76666272]
1.8424975976636833,726.8818995815086,716.3040510788073,[717.71323906]
1.8438945618744733,725.3597697859909,715.3724595809316,[716.76863799]
1.8452933435871806,723.8356596435176,714.4438051811296,[715.8386871]
1.8466936960596136,722.5773672768819,713.768367602551,[714.97217086]
1.8480952271862954,721.5756259194284,713.2425873693786,[714.20680493]
1.849497792241119,720.5731455640598,712.7164192608695,[713.54279485]
1.8509013935156957,719.5699245728524,712.1898624178829,[712.97930916]
1.8523060333101133,718.5659613018231,711.6629159771252,[712.45294626]
1.8537115905892345,717.5613422605757,711.2603542354249,[711.95738797]
1.855117686940663,716.5563379185564,711.1172930718383,[711.55760643]
1.8565240582445586,715.5511370548529,710.9822708836526,[711.25570854]
1.8579306966822742,714.6648468363952,710.8472230488776,[711.05178531]
1.85933760240609,714.1659660646437,710.7121495523762,[710.91473414]
1.8607447585002617,713.6669965129875,710.5942869097022,[710.7839826]
1.8621520299331529,713.1679860628768,710.5956507649654,[710.68732757]
1.8635592761220088,712.6689845641577,710.6197814846095,[710.63046718]
1.8649664745262253,712.1700000096,710.6439113848392,[710.61340764]
1.8663736251506693,711.671032397478,710.6680404658813,[710.63184603]
1.867780728630167,711.172081502686,710.6915323637102,[710.65581642]
1.8691878279665406,710.6731320770223,710.6722254529475,[710.66892742]
1.870594991192092,710.66527,710.6269996184068,[710.66469948]
1.8720022439782458,710.66527,710.5817709052681,[710.64313209]
1.8734095863421047,710.66527,710.5365393131513,[710.60438382]
1.874817018300777,710.66527,710.4913048415651,[710.55915367]
1.8762245593862743,710.66527,710.4263683860836,[710.50899586]
1.8776322685695201,710.66527,710.3216345905096,[710.44396178]
1.8790401864735262,710.66527,710.2157457654172,[710.3637634]
1.880448314320791,710.66527,710.1098411505391,[710.26839747]
1.8818566522052613,710.66527,710.0039207388626,[710.16278556]
1.8832652280996245,710.66527,709.8698864345292,[710.04984852]
1.884674251713105,710.66527,709.5528121384607,[709.88411512]
1.8860839380983618,710.66527,709.2025527528778,[709.65729302]
1.8874943210406765,710.66527,708.8521202964632,[709.36934291]
1.8889054015736235,710.66527,708.5015145124139,[709.02724993]
1.8903171828815881,710.66527,708.1485805491053,[708.67619203]
1.8917297717209804,710.66527,707.6917209372825,[708.29848407]
1.8931433302477156,710.4135671175144,707.1773675987398,[707.8797959]
1.8945579176511722,709.9144214159014,706.6626398817466,[707.42007724]
1.8959735361812702,709.4149118750307,706.1475369671379,[706.91981635]
1.8973901880961428,708.9150376981064,705.6320580336085,[706.40490062]
1.8988078989566233,708.4147898658341,705.0930395378974,[705.88381861]
1.9002267332355987,707.9141456285666,704.5150914797166,[705.3469315]
1.9016467330038413,707.4130901413781,703.9360806479597,[704.79406742]
1.903067901731803,706.9116221796986,703.3565931678519,[704.22520121]
1.9044902423111503,706.410953795201,702.7766278604221,[703.64609829]
1.9059137659672607,705.9124068993351,702.187977049559,[703.06431968]
1.9073385202673394,705.4134290069575,701.5631091493331,[702.47107681]
1.9087645489293754,704.9140048071403,700.9335280272994,[701.86531052]
1.9101918596087661,704.414131618808,700.3033809039911,[701.24699878]
1.9116204557693925,703.9138082288391,699.6726662502567,[700.61817108]
1.9130503414499709,703.4130332227932,699.0408360050028,[699.9876028]
1.9144815281349485,702.9118025785833,698.4011888692121,[699.35451801]
1.915914029126634,702.4104857301849,697.758698730689,[698.71834746]
1.9173478503701253,701.9103639362439,697.11561644688,[698.07908501]
1.9187829955225633,701.4097803582972,696.4719403773588,[697.43686111]
1.9202194677781486,700.9087338821964,695.8281335438169,[696.79359727]
1.9216572140727937,700.4072430168784,695.238125670323,[696.16345401]
1.9230961429095426,699.9053396767968,694.6848960774082,[695.55577392]
1.9245362185874624,699.4030363145602,694.1312255549144,[694.97059521]
1.925977443853066,698.9003319721753,693.5771130468295,[694.40784009]
1.9274198214638472,698.3976683061119,693.0225574927294,[693.85394804]
1.928863389660255,697.8979092203812,692.4335411309252,[693.29110931]
1.9303082396760838,697.3977063725174,691.7934760093482,[692.70667192]
1.9317544282397507,696.8970401233087,691.1523445383115,[692.10047979]
1.933201959574082,696.395909010825,690.5106177834276,[691.47249487]
1.9346508374262859,695.8943117377936,689.8682940835654,[690.8311831]
1.9361011506110688,695.3922175568232,689.1445783288625,[690.16895868]
1.937553225860344,694.8895133542812,688.1951644255535,[689.42966366]
1.9390073211524754,694.339226910135,687.2311870829069,[688.60980598]
1.9404634589712555,693.3379752483208,686.2658556686765,[687.70919638]
1.9419216479481978,692.3353131942404,685.2991644602514,[686.74784291]
1.9433819343670513,691.3312089228282,684.2959008412467,[685.77302701]
1.94484454429666,690.3255069873935,683.1236887892718,[684.74615244]
1.9463096916644882,689.3180602897521,681.9277586225409,[683.66162818]
1.9477774130592311,688.3088436712333,680.7297274000507,[682.51926891]
1.949247722095235,687.2978477705071,679.5295840090337,[681.32768971]
1.9507206390046936,686.287331297593,678.3213380118111,[680.12710201]
1.9521962323048312,685.2860815593833,677.0668391731549,[678.91187215]
1.9536745744972657,684.2829665865645,675.8010969033957,[677.67971452]
1.9551556907623597,683.2779692932415,674.5329794994146,[676.4305634]
1.9566395967754626,682.2710790430565,673.26247354017,[675.16584728]
1.9581263025067903,681.2622890708142,671.9948518849043,[673.89785046]
1.9596157602632776,680.2516317381885,670.7767957345609,[672.64177516]
1.9611079128921438,679.2391458256529,669.5697501091342,[671.40096782]
1.9626027603229532,678.2282350129033,668.3605245801601,[670.17548058]
1.9641003172090024,677.222022668175,667.1491072941556,[668.96404443]
1.9656005783931478,676.213993298562,665.9531756474472,[667.75813941]
1.967103325680997,675.2042935094405,664.9433547156896,[666.60154056]
1.9686083010669684,674.1930966554287,663.982728523832,[665.50709155]
1.970115456958418,673.1804347141467,663.0207105146694,[664.47499235]
1.9716248028606906,672.166301298929,662.0572946210757,[663.50102209]
1.9731363250982703,671.15070559839,661.1127979752788,[662.54338291]
1.974649789969674,669.8268641395237,660.358673955046,[661.63736927]
1.976164930797248,668.3242955906583,659.6510165034787,[660.79494576]
1.97768169877917,666.8201133891853,658.9425990776135,[660.01627188]
1.9792000991690801,665.3143123250579,658.2334192239512,[659.29642719]
1.980720103988558,663.806920144538,657.5522351376409,[658.59481749]
1.9822414407503421,662.2982070738531,657.0812549220508,[657.95237709]
1.9837638195611622,660.7884606008074,656.6523565511562,[657.37981646]
1.9852871933778786,659.277727378188,656.2231778583913,[656.87725612]
1.9868115641540123,658.7636027465766,655.7937182930336,[656.43762691]
1.988336868079437,658.2643247496839,655.420478901268,[656.0224329]
1.989862687849437,657.7648779012974,655.3503244742274,[655.69692488]
1.9913886185487149,657.2653947424113,655.3251876458578,[655.47242733]
1.9929146077815727,656.7658924237184,655.3000498534758,[655.34901022]
1.994440655554747,656.2663709430135,655.2749110966669,[655.31261827]
1.9959667393591847,655.766837668189,655.2691063572697,[655.29231374]
1.9974927484840237,655.45808,655.3390500042593,[655.29577933]
1.9990185858203842,655.45808,655.4166638275326,[655.32493282]
2.0005442424899167,655.45808,655.4942684609632,[655.37977216]
2.0020697185567817,655.45808,655.5718639079046,[655.45546155]
2.0035949805936415,655.45808,655.6782457990345,[655.5402605]
2.0051198973989965,655.45808,655.8687416617499,[655.65327996]
2.006644365138804,655.45808,656.0645924105347,[655.79586094]
2.008168377924803,655.45808,656.2603847108657,[655.96799115]
2.0096919361640717,655.45808,656.4561186145412,[656.16245935]
2.0112150177501604,655.45808,656.6712095127945,[656.36307631]
2.0127375503996907,655.45808,656.9295713867675,[656.57932106]
2.014259482635139,655.45808,657.1894357707055,[656.81158382]
2.0157808133092576,655.45808,657.4491974402633,[657.05985353]
2.0173015431348054,655.45808,657.7088565168867,[657.31926528]
2.0188217261468075,655.45808,657.9222463335576,[657.56743402]
2.020341509676375,655.5272538661917,658.0546552035229,[657.78373887]
2.021860989194803,656.0241969597195,658.1855412059836,[657.96782481]
2.0233801666113793,656.52104125137,658.3164011860625,[658.11971098]
2.0248990421062225,657.0177868000508,658.4472351588597,[658.25095819]
2.026417647158307,657.5144439009048,658.5508939102707,[658.37501787]
2.027936057044047,658.0110371729505,658.6165084795297,[658.48275968]
2.029454315972597,658.5075810747139,658.6818569792472,[658.57412363]
2.030972424288068,659.0040757187357,658.7471989963929,[658.64911459]
2.032490382035274,659.25511,658.8125345328857,[658.71452475]
2.034008151534134,659.25511,658.9106194660905,[658.78805249]
2.0355256528531376,659.25511,659.0454151516251,[658.87894204]
2.0370428438243415,659.25511,659.1802129156115,[658.98719552]
2.0385597246039673,659.25511,659.3149831203788,[659.11280766]
2.040076295385747,659.25511,659.449722691945,[659.24758347]
2.0415925615128034,659.25511,659.5799540965278,[659.38121821]
2.043108532949481,659.25511,659.7061286787624,[659.51269715]
2.0446242144987554,659.25511,659.8322791330805,[659.64202115]
2.046139606326862,659.25511,659.9584054743106,[659.76919185]
2.047654708493936,659.25511,660.0846000352923,[659.89535333]
2.0491695012712077,659.25511,660.2280220001002,[660.02582666]
2.050683950374032,659.25511,660.3842219171737,[660.16381236]
2.0521980413506373,659.25511,660.5403848970384,[660.30930721]
2.0537117744549644,659.25511,660.6965109662681,[660.46228495]
2.0552251516761806,659.25511,660.8510842551647,[660.61805051]
2.056738311724456,659.25511,660.8861660036189,[660.74353653]
2.0582514775822665,659.25511,660.8460099657216,[660.8199428]
2.05976473539257,659.25511,660.8058514875413,[660.84727793]
2.061278085172132,659.25511,660.7656905689184,[660.82592951]
2.0627915315398058,659.25511,660.7215090800321,[660.78476528]
2.0643052873552707,659.25511,660.4955842235396,[660.69715884]
2.065819673853729,659.25511,660.1713146233591,[660.53852462]
2.067334804569632,659.25511,659.8468856674614,[660.3088234]
2.068850680601256,659.25511,659.5222971193781,[660.00902041]
2.0703673099901727,659.25511,659.1915168504307,[659.68300357]
2.0718848954361766,659.25511,658.6916330015503,[659.31308316]
2.073403722134902,659.25511,658.1145475840308,[658.87999864]
2.074923881828023,659.25511,657.5369556890375,[658.38366328]
2.076445378031413,659.25511,656.9588559807162,[657.82549806]
2.0779682257642547,659.25511,656.3703485496468,[657.24517695]
2.0794926379825758,658.8261835112755,655.6111782452997,[656.61933462]
2.0810188892099246,658.3274553100896,654.7895934957716,[655.93249407]
2.0825470578822927,657.8281005515662,653.9669765806368,[655.18452422]
2.0840771512446183,657.3281168683002,653.1433236004038,[654.37776798]
2.085609180865011,656.8275004802176,652.3149903891178,[653.55372102]
2.0871432021901706,656.3262332691787,651.4484259036751,[652.71842912]
2.0886792783081884,655.8242946200912,650.5709759105227,[651.86942895]
2.0902174289946194,655.3223469041062,649.6923408652689,[651.00668327]
2.091757662677761,654.8215175680814,648.8125159538329,[650.13106466]
2.093299996654005,654.3200052912719,647.9240985400284,[649.24998282]
2.094844500540537,653.8177874366396,646.9907647081836,[648.35493002]
2.096391244306381,653.3148412527411,646.0489134218402,[647.44407316]
2.097940246313297,652.8111607689832,645.1056870355075,[646.51736593]
2.0994915164813577,652.3067427597105,644.1610795088135,[645.57661117]
2.1010451594617976,651.8015531960552,643.1367691448943,[644.61311228]
2.1026015952239323,650.5328744688413,641.851695476269,[643.56380779]
2.1041611784411525,649.0276723050438,640.5435362039779,[642.42327008]
2.1057239532778236,647.5193898102636,639.2326998405997,[641.19117517]
2.107289939409131,646.0080079953693,637.9191698825398,[639.88677535]
2.108859290145988,644.4933788952403,636.4947972436926,[638.54755079]
2.1104323858442977,642.9751354165903,634.8857079350552,[637.13309373]
2.112009482233246,641.4530307472457,633.2696577494847,[635.6423332]
2.1135906135741136,639.9371328619679,631.6494729497066,[634.07490897]
2.1151758129051443,638.434785796748,630.0236063533898,[632.45711125]
2.1167653014267476,636.9283737204328,628.245306950892,[630.797011]
2.11835942681795,635.4175671258397,626.3639655130609,[629.07058794]
2.1199583548007226,633.9022089526475,624.4769561933317,[627.27745875]
2.121562129044822,632.3822578135494,622.5842274536043,[625.41761403]
2.123170828623315,630.8576387683229,620.6589628629298,[623.52102801]
2.1247848243332443,629.3308161349746,618.5054464064426,[621.55639823]
2.126404524786916,627.8234409320419,616.2947329283778,[619.51084241]
2.1280300563046146,626.3106390458597,614.0760606873406,[617.38380072]
2.129661482321355,624.7923514405936,611.8493431015241,[615.18139578]
2.1312988382175266,623.2685451894624,609.6362057833481,[612.96408563]
2.132942100803379,621.7392418740217,607.4586270418428,[610.75505915]
2.134591273679092,620.2044381437615,605.2744447742325,[608.55465518]
2.1362464194004103,618.6603033911529,603.0823520058038,[606.3629074]
2.13790757586931,616.1381609322343,600.9020985447886,[604.17938059]
2.1395742445059462,613.6076493205292,599.0991918028396,[602.08952178]
2.1412457360909425,611.0698150013836,597.4391978190605,[600.13071004]
2.1429218849353204,608.5249095412291,595.7745786115289,[598.30376669]
2.1446027301871116,605.9728735014073,594.1052953014773,[596.60456588]
2.14628802653296,603.4140793424558,592.631440796134,[594.98762813]
2.1479769201037175,600.9359347221218,591.5767420615875,[593.52201419]
2.1496688105470696,599.4311854319521,590.5338163469556,[592.21182363]
2.151363694292545,597.9237739308437,589.4890454822809,[591.05776117]
2.1530615617041056,596.4137087889862,588.4601349453635,[590.01493471]
2.154762118608481,594.9012516409441,587.6257704833085,[589.02719181]
2.1564650145450153,593.386714182682,586.8446371279005,[588.10489701]
2.1581701801884208,591.8701580713698,586.0624626379661,[587.2482513]
2.1598776246385234,590.6066906226225,585.2792428392023,[586.45302827]
2.1615870148149243,590.1061776483903,584.7289098346703,[585.72881311]
2.1632976211003223,589.6053085949318,584.4472665474684,[585.12947046]
2.1650090516384712,589.1041981985654,584.1658155660274,[584.6553087]
2.1667213071412914,588.6028462508395,583.8842289158741,[584.30655522]
2.1684343217465916,588.1012720363397,583.6481876545569,[584.03637467]
2.170147735138526,587.5995810562895,583.612446171117,[583.82766958]
2.171861218910357,587.0990049790361,583.6002424447386,[583.6862763]
2.1735747385137785,586.5997420411494,583.5880384629688,[583.61222868]
2.1752882907088273,586.1004696071403,583.5780425733841,[583.59469241]
2.177001770050925,585.6012184000716,583.6376664706297,[583.60099749]
2.178715025684758,585.1020323741922,583.730456032926,[583.63355088]
2.180428009023427,584.6029256861173,583.8232308476244,[583.69234898]
2.1821407201967222,584.1038982980305,583.9159909220217,[583.77683607]
2.183853167605351,583.94677,584.0030943863438,[583.86819305]
2.185565375204391,583.94677,584.0795666726292,[583.95547071]
2.1872773590200323,583.94677,584.1557812551234,[584.03860831]
2.1889891195029287,583.94677,584.2319858955186,[584.11760705]
2.190700675849431,583.94677,584.2951326697312,[584.19061662]
2.1924121909868584,583.94677,584.2601187911677,[584.23575465]
2.1941238382746433,583.94677,584.204914126029,[584.24803787]
2.195835647320476,583.94677,584.149704243627,[584.22746746]
2.197547618351123,583.94677,584.0943657113905,[584.17727572]
2.1992598007074378,583.94677,584.0055181558818,[584.11362556]
2.200972281994058,583.94677,583.890467064437,[584.03501379]
2.202685100778365,583.94677,583.7753932987699,[583.94143606]
2.2043982572599807,583.94677,583.6602968453166,[583.83291884]
2.2061117869493456,583.94677,583.5211303840027,[583.7118219]
2.2078258329836595,583.94677,583.3087132976943,[583.56638346]
2.2095405108680914,583.94677,583.0911614165835,[583.39532549]
2.2112558287394277,583.94677,582.8735283362804,[583.19863336]
2.2129717916872895,583.94677,582.6528451745451,[582.98156206]
2.2146884689100412,583.94677,582.3885944071927,[582.75153233]
2.2164059466241257,583.94677,582.109843155618,[582.50620277]
2.2181242471701865,583.7688293139522,581.8309583561318,[582.24556027]
2.2198433717319976,583.270817733634,581.551939817046,[581.97033393]
2.2215632435893546,582.7725896699708,581.3254381231068,[581.70454486]
2.2232836903178885,582.274195072416,581.1633537181018,[581.4679225]
2.2250046167662556,581.7756615052732,581.001386526283,[581.26052955]
2.2267260230953734,581.2769889219262,580.8393741699871,[581.08238813]
2.228447851534855,580.7781940578242,580.7165488837968,[580.93016582]
2.2301697958668303,580.58348,580.7611863806734,[580.82962399]
2.231891579681787,580.58348,580.8248319283383,[580.78548534]
2.233613174848009,580.58348,580.8884705029412,[580.79775942]
2.235334580998127,580.58348,580.952391932205,[580.85672019]
2.2370557870580123,580.58348,581.0235353603942,[580.92230743]
2.238776777756528,580.58348,581.0977996896833,[580.99054937]
2.240497548540441,580.58348,581.1720545295042,[581.06144538]
2.2422180994940346,580.58348,581.2462998828565,[581.13492237]
2.2439383604436323,580.58348,581.368024642657,[581.22104469]
2.2456581494610113,580.58348,581.5653569379168,[581.337934]
2.2473773536945947,580.58348,581.7635943336262,[581.48581895]
2.2490959723044988,580.58348,581.9617642022718,[581.66468503]
2.2508139979855377,580.58348,582.1652236330248,[581.86398478]
2.2525313782500787,580.6417668721779,582.3992715323611,[582.07246343]
2.2542480614569733,581.1386432459228,582.6380958815054,[582.29108881]
2.2559640412806345,581.6353160325942,582.8768223761114,[582.51985336]
2.2576793182784862,582.1317853935327,583.1156595498171,[582.75746233]
2.259393874071373,582.6280460090799,583.3672868570111,[582.99946617]
2.2611076794272167,583.1240894183102,583.626439594614,[583.24655209]
2.2628207241246603,583.6199126627564,583.8854773093336,[583.49871583]
2.264533009175641,583.94677,584.1444001540766,[583.75590098]
2.26624450438836,583.94677,584.4245213724606,[584.02020961]
2.2679551068914052,583.94677,584.7542653541619,[584.30216605]
2.2696647423404226,583.94677,585.0858674341713,[584.60226358]
2.271373409388302,583.94677,585.4172816825568,[584.92048396]
2.273081122313925,583.94677,585.7398382879016,[585.24931319]
2.2747880268273724,583.94677,585.9719140120275,[585.55372535]
2.2764942904648855,584.2192260134397,586.1799264270305,[585.8272401]
2.278199948830593,584.716626871178,586.3878650525864,[586.06988594]
2.2799050025681717,585.2138514084081,586.5957299671103,[586.28385886]
2.281609665404387,585.7109619517239,586.6568117856319,[586.45508331]
2.283314382621029,586.2080883533566,586.558308337518,[586.54967879]
2.2850193862676753,586.7052982831641,586.4597189623742,[586.56764226]
2.2867246765896194,587.2025918126781,586.3611130104944,[586.50898802]
2.288430347806081,587.32954,586.1978300502558,[586.39424259]
2.2901369106281546,587.32954,585.7486508711953,[586.19182822]
2.2918448326182483,587.32954,585.2652200547317,[585.8932035]
2.2935541665246904,587.32954,584.781389592599,[585.49827264]
2.295264930214397,587.32954,584.2873539144376,[585.02065361]
2.2969776582817727,587.32954,583.4409555811799,[584.44372979]
2.2986931340641648,587.32954,582.4172643374997,[583.73174086]
2.3004116303919933,586.3814713934357,581.391770616672,[582.88433611]
2.302133163277108,585.3811644050675,580.3644648636391,[581.90361385]
2.3038581013749324,584.3788787974695,579.0988142148813,[580.81807851]
2.305587485342599,583.3740098905862,577.3848991087032,[579.5599872]
2.307322033883997,582.3661400772198,575.6554751245044,[578.12591333]
2.3090618092498296,581.3552331862268,573.920839757919,[576.51500705]
2.310806988406732,580.2249389889812,572.0962106838524,[574.76435617]
2.312558512100622,578.7189185196057,569.7714653909293,[572.86099774]
2.3143173360988776,577.2066209968023,567.3571035048337,[570.78640483]
2.3160836768836206,575.6878602817774,564.9324232223518,[568.5393007]
2.3178576406997378,574.1625450215138,562.4915727748922,[566.13814122]
2.3196395306007247,572.6304146401658,559.9181297907817,[563.67480732]
2.3214297274969242,571.091141617886,557.2836293048612,[561.15643877]
2.3232284278486643,569.2192108719969,554.6366149120928,[558.5824867]
2.3250357536386863,567.1904090594735,551.9771248512586,[555.95387471]
2.326851767165388,565.151854884637,549.3425601584943,[553.30998231]
2.328676485891176,563.1035287451764,546.7230390703947,[550.66983475]
2.3305099898117256,561.0453408424664,544.090906173973,[548.03340756]
2.332352407055505,558.9771473467281,541.4459775311083,[545.40062073]
2.334203618597745,556.5900439737511,538.9334234495315,[542.79833656]
2.336063239073577,553.5504590980427,536.5600794026844,[540.25759664]
2.33793112189809,550.4973692569852,534.1762041673718,[537.77892114]
2.3398073781676283,547.4305928615008,531.7816423688371,[535.36283735]
2.3416917430009816,544.3505628649423,529.5884831068028,[533.02660226]
2.3435835244826215,541.2584102163405,527.619738399774,[530.79151701]
2.345482391248405,538.3055457371001,525.6437528919691,[528.65840419]
2.3473884224156993,536.2860277338873,523.660779486531,[526.62818847]
2.3493003569316775,534.26025489122,522.4016671743194,[524.83148449]
2.3512156978487075,532.2308728272719,521.799210054387,[523.3763524]
2.3531332527340307,530.1991449733378,521.1960565461567,[522.26442832]
2.3550530230345608,528.1650697963523,520.5955910640284,[521.49813121]
2.3569744350857036,526.2070236317097,520.3056325999057,[520.97412257]
2.3588965435927483,525.2053963187877,520.2183579761252,[520.57890955]
2.3608189746171524,524.2036009392896,520.1310687084334,[520.31266259]
2.3627417307483443,523.2016361438416,520.0424520365531,[520.17437783]
2.364664886064359,522.1994633297411,519.9151703690302,[520.07676227]
2.366588545493527,521.1970278179308,519.769926019016,[519.96465428]
2.3685127426198185,520.23743,519.624641070271,[519.83804737]
2.3704374487344015,520.23743,519.4950541136286,[519.70119789]
2.372362214320912,520.23743,519.5925270526513,[519.62053706]
2.374286481141734,520.23743,519.7644025847616,[519.61915621]
2.3762101118568415,520.23743,519.9362212997598,[519.69705126]
2.378133075007495,520.23743,520.125344857067,[519.85462395]
2.380055064678917,520.23743,520.4630830739593,[520.07226295]
2.3819757451743806,520.23743,520.8346545695067,[520.33982595]
2.383895056402494,520.23743,521.2059611687935,[520.65726092]
2.385812999210596,520.23743,521.5781334927042,[521.02045808]
2.387729562493994,520.23743,521.9565519144214,[521.39382529]
2.3896447353659562,520.23743,522.3357378140486,[521.7690961]
2.3915585189393003,520.23743,522.7146486460102,[522.14626797]
2.393470969804725,520.7075178295005,523.0639694136312,[522.51772695]
2.3953823701397376,521.2036752101747,523.2893539372781,[522.85092745]
2.3972929728148085,521.6996255359163,523.5008069395492,[523.14219473]
2.399202804068621,522.195375617709,523.7121745660011,[523.39157621]
2.4011118579794077,522.6909239183929,523.9272205124757,[523.60738899]
2.403020106386859,523.186263128172,524.1544056337349,[523.82365191]
2.404927526347789,523.25113,524.382432374442,[524.04405827]
2.4068341172309298,523.25113,524.6103600012601,[524.26860463]
2.408739884891803,523.25113,524.8355578597292,[524.49568897]
2.4106448474757665,523.25113,525.0538747816922,[524.72055625]
2.412549018931619,523.25113,525.2717563044364,[524.94288724]
2.414452400868795,523.25113,525.4895474877336,[525.16268411]
2.4163550862332936,523.6385253517135,525.6564211116274,[525.36789992]
2.4182573605715723,524.1347472005273,525.716646546126,[525.53359286]
2.420159423116548,524.6309138015453,525.7734903730012,[525.65902638]
2.422061280042888,525.1270267654734,525.8303280548956,[525.74422152]
2.423963092967223,525.6231282511642,525.7978191299644,[525.77957103]
2.42586530240027,526.1193331689848,525.6111520880204,[525.75319741]
2.4277681925156056,526.28229,525.4217209349582,[525.66525505]
2.429671768930596,526.28229,525.2322214610157,[525.5157284]
2.431576274097184,526.28229,524.9094237591188,[525.29362956]
2.433482290643709,526.28229,524.3996578810954,[524.99075601]
2.4353901641540032,526.28229,523.8881166767442,[524.60735494]
2.4372999023968016,526.28229,523.3760754981354,[524.14331845]
2.4392119377323325,525.9917330020053,522.6302297677242,[523.57351996]
2.4411271696831065,525.4912696847719,521.6306659671563,[522.88127198]
2.4430460789043495,524.9898454714044,520.6290849318955,[522.06651404]
2.4449686876335983,524.4874545510811,519.6251448431018,[521.12878138]
2.4468951958162366,523.9840446766943,518.5237035899471,[520.10214983]
2.4488259409862128,523.4795276482957,517.3471152993543,[519.03126217]
2.4507610872402212,522.7018459889671,516.1678450058932,[517.91595218]
2.452700677533768,521.6977947707303,514.9791269120535,[516.7544477]
2.4546451996012837,520.6911905629893,513.553219088075,[515.51182658]
2.456595356829036,519.6816692497546,512.0074460390226,[514.17690926]
2.458551419577435,518.6690908758517,510.45699203702713,[512.74919602]
2.460513459282401,517.6534184616542,508.89277162923577,[511.2276072]
2.462481749657348,516.345035373259,507.22021876248243,[509.64435712]
2.4644566094131446,514.8348472015348,505.5128013934027,[508.02069596]
2.4664381621659786,513.3195408512008,503.7995974163509,[506.3563473]
2.4684263996433344,511.79912264830386,502.11926467659237,[504.66297056]
2.470420953869503,510.2738739862757,500.61331828955656,[503.01124544]
2.472421480731745,508.74405801037824,499.1255340472473,[501.41442861]
2.4744279886359184,506.8570916922172,497.6333017265569,[499.87285468]
2.476440554475897,504.84437850676386,496.1252952635174,[498.37436233]
2.4784593007078994,502.825484476803,494.5910043156333,[496.86878384]
2.4804843300614055,500.8003068653338,493.05140031771595,[495.35025041]
2.482515705477514,498.76878272665,491.50562154395175,[493.81833036]
2.4845537362956263,496.7375836372132,489.83664622188644,[492.2461681]
2.48659889518832,495.73164755288985,488.08561663202374,[490.61982118]
2.488651417742719,494.7220895626847,486.32828240247875,[488.9390417]
2.4907113272717485,493.7088981998543,484.5912523067726,[487.21044939]
2.492778242273383,492.69226111077455,483.036908075684,[485.51051485]
2.494851750434597,491.67238109658297,481.5143874504158,[483.86770756]
2.496931835804315,490.27382115679893,479.98703735969985,[482.2823963]
2.49901813109448,488.25844553064917,478.6518901962894,[480.79755577]
2.501109502985924,486.2381658726831,477.659210282045,[479.45313132]
2.5032052160614047,484.2136926010239,476.6709259611826,[478.24226595]
2.505305253162695,482.1850422906373,475.69420243988145,[477.16905722]
2.5074090239705886,480.15278519394496,474.98023440236824,[476.25114327]
2.5095157351094954,478.98593098409174,474.3672091116257,[475.42814298]
2.511625172283329,477.9854478059576,473.7533905805651,[474.69875913]
2.5137370833798203,476.9837912731325,473.2564310371999,[474.08931628]
2.5158504775888177,475.9814313161278,473.0885785237203,[473.61640231]
2.5179645779646957,474.9787364318288,472.940319602895,[473.25967994]
2.520079338964921,474.1452521138734,472.7930508741646,[473.01959501]
2.522194646819153,473.64751890039315,472.6958136200653,[472.87944066]
2.5243103280487382,473.1496978314673,472.626186160636,[472.76384256]
2.5264263210071762,472.6518034125544,472.5565484421393,[472.66789977]
2.528542667301303,472.15382585354087,472.46838578396824,[472.5867335]
2.5306595687417586,471.65571766826145,472.3087393505765,[472.48996493]
2.5327772018846293,471.58032,472.1419409359894,[472.36890363]
2.53489558427965,471.58032,471.97469610786163,[472.22344054]
2.5370148889606865,471.58032,471.7311103974415,[472.0391217]
2.539135416967573,471.58032,471.4303083328156,[471.81951394]
2.541257298868843,471.58032,471.129314215028,[471.56635726]
2.543380532505843,471.58032,470.830235957864,[471.28024223]
2.5455050913479917,471.58032,470.5417553195117,[470.98290346]
2.547630950082528,471.58032,470.2546173706566,[470.68898072]
2.549758107682383,471.58032,469.96729515065243,[470.39847595]
2.5518866823602546,471.58032,469.6287079879483,[470.09809396]
2.554016902829246,471.58032,469.24140872189963,[469.77300731]
2.5561488829792376,471.12244374699594,468.85378952515447,[469.42280035]
2.5582826318627614,470.62369371751754,468.46379347799075,[469.04692493]
2.560418187330828,470.1245214105626,468.0608719324489,[468.65496591]
2.5625555876414907,469.6249178835583,467.6554585369657,[468.25847837]
2.564694842487439,469.1248808709007,467.24969338085475,[467.85745433]
2.5668357534307122,468.62542636987064,466.93219648362157,[467.47455508]
2.56897790657467,468.1267368113248,466.7079221268107,[467.13631763]
2.571121089578167,467.62780750325385,466.4835563182483,[466.84334208]
2.573265270165261,467.1286459594414,466.2737465085931,[466.59935536]
2.5754102023906986,466.6293094355185,466.1566621618066,[466.40547178]
2.5775556359613288,466.16376,466.0558522538786,[466.24245431]
2.5797015336990055,466.16376,465.9550205355722,[466.11032036]
2.581847748538844,466.16376,465.9181386692614,[466.02141841]
2.583993980667641,466.16376,465.94751330404733,[465.96913119]
2.5861400774886754,466.16376,465.9768912173896,[465.94939093]
2.5882860532663963,466.16376,466.00007795501676,[465.96065529]
2.5904320090007604,466.16376,465.98559558709525,[465.97751952]
2.59257804609491,466.16376,465.96474509119855,[465.98182746]
2.594724179222029,466.16376,465.94389362695784,[465.97357807]
2.5968704371481626,466.16376,465.91055788459397,[465.95119805]
2.599016877215722,466.16376,465.86481988910674,[465.92100412]
2.60116352803864,466.16376,465.81907740272595,[465.8845872]
2.603310400215667,466.16376,465.76875872313036,[465.84080347]
2.6054575656624595,466.16376,465.6918404710547,[465.78612412]
2.6076050957227017,466.16376,465.6106135622756,[465.72257254]
2.609753000423839,466.16376,465.5294012413024,[465.6501535]
2.6119009969571465,466.16376,465.5707997792664,[465.60066376]
2.6140485366943054,466.16376,465.72747703491655,[465.6095729]
2.6161953542118175,466.16376,465.8841015998053,[465.67794491]
2.618341488291046,466.16376,466.02414426559557,[465.80163067]
2.6204871866643327,466.16376,466.0733166194754,[465.92725988]
2.6226326905057986,466.16376,466.1086558481429,[466.02255458]
2.624778032089855,466.16376,466.1438197990564,[466.08748413]
2.626923803793294,466.16376,465.92183762221646,[466.06190747]
2.6290711329771503,466.16376,465.46795114464504,[465.9105661]
2.6312205581085197,466.16376,465.01362164126306,[465.63680755]
2.633372212702955,466.16376,464.50387928386897,[465.22682242]
2.635526896264172,466.1483030482208,463.7073480138194,[464.67320002]
2.6376853833588942,465.6495662151209,462.86832842754575,[464.02329434]
2.6398477910408586,465.14992349693614,462.02741162091075,[463.27674184]
2.642014389642438,464.64931243106867,461.07948392652366,[462.420643]
2.644185647469148,464.1476248115391,460.04673585633975,[461.50548996]
2.6463617905050603,463.6448084228024,459.0116641607371,[460.54132389]
2.648542883120051,462.80808713880924,457.9611462670992,[459.52475755]
2.650729113309175,461.80563939771514,456.8569382014415,[458.46912112]
2.6529206528794944,460.8007571567166,455.7448678179942,[457.39365411]
2.6551175500554764,459.7934183035459,454.63137276868946,[456.29858126]
2.6573197297194517,458.7836572817571,453.56100171839813,[455.19854513]
2.6595270629954313,457.77561420730467,452.51091233484067,[454.11203866]
2.661739530528764,456.77192258890955,451.4583804431921,[453.04041682]
2.663957225381653,455.7658595834787,450.3802362711849,[451.97763269]
2.666180360692131,454.7573285003923,449.2515309780161,[450.90026501]
2.668409099221847,453.7462555024076,448.11851115930796,[449.80216471]
2.6706434996647195,452.73459296805345,446.9776456012611,[448.681981]
2.672883717543541,451.73085379613076,445.7942285538083,[447.53547907]
2.67512991990725,450.7244332502394,444.5991017923664,[446.37237178]
2.677382176576176,449.71530004708234,443.40077394599336,[445.19293747]
2.67964053009913,448.7034351224838,442.20178808735955,[443.99897309]
2.6819050189972202,447.68774801558106,441.001347281517,[442.80075278]
2.684175688908621,446.18483224660713,439.7976298243891,[441.60038478]
2.686452660921784,444.6777452292854,438.56360432124393,[440.39109238]
2.688736209324988,443.166305417114,437.26822488317254,[439.15770158]
2.691026547880777,441.6503713244915,435.96705968173274,[437.89912968]
2.693323654528145,440.129957553203,434.6952883441417,[436.62354431]
2.695626996351331,439.0820343646337,433.6096702324854,[435.38506079]
2.697936039197071,438.07604212281626,432.55138405242434,[434.20585058]
2.70025070105957,437.06760181587174,431.5069712782242,[433.09082848]
2.7025701036041223,436.05709611227394,430.7846598419711,[432.11317135]
2.704893061428303,435.04504146222394,430.18704733658853,[431.25751563]
2.7072192499697953,434.04286328043895,429.58890474629953,[430.5168958]
2.7095480871277444,433.0407652531401,429.2089655228433,[429.94239436]
2.7118784753316043,432.03799981118664,429.01718604982494,[429.50052591]
2.7142099057329387,431.03478591192925,428.8253208090786,[429.16009428]
2.716542015643716,430.03127961993414,428.76719656945767,[428.95466724]
2.7188737432689063,429.95039,428.965964798672,[428.89391706]
2.72120437366792,429.95039,429.17100751170545,[428.93237242]
2.7235338943071232,429.95039,429.3747718213669,[429.06973518]
2.7258623229703725,429.95039,429.5736420927419,[429.27134656]
2.7281896755733612,429.95039,429.7719095414364,[429.47283274]
2.7305159328417616,429.95039,429.97827475497166,[429.67464955]
2.7328408495344494,429.95039,430.26769994192966,[429.89788158]
2.7351641449355393,429.95039,430.5786048102793,[430.14912226]
2.737485767295466,429.95039,430.8880542762598,[430.42815845]
2.7398059039502938,429.95039,431.1302038550703,[430.71614072]
2.7421248412949444,430.41520941966195,431.33385371167975,[430.98267916]
2.744442684293422,430.91288028354296,431.5374074624907,[431.22237983]
2.746759594652606,431.4103508977075,431.6811661616455,[431.4206578]
2.749075953114464,431.9077030123795,431.74305906493186,[431.5738716]
2.7513919808725804,432.40498412068183,431.80445374050805,[431.69152161]
2.753707621025592,432.44106,431.88760823088705,[431.7790718]
2.756022633677459,432.44106,432.0385821787898,[431.8684258]
2.758336824598501,432.44106,432.1943757885706,[431.98125498]
2.760650188217078,432.44106,432.3476472640329,[432.11705337]
2.7629627832901407,432.44106,432.4816829273771,[432.26557204]
2.7652746727063136,432.44106,432.6116174387565,[432.40883085]
2.7675858723392333,432.44106,432.73987165176794,[432.54520482]
2.7698965403598796,432.44106,432.8106944702521,[432.66096662]
2.7722069062056516,432.44106,432.85307408532975,[432.75381441]
2.77451704587114,432.44106,432.89544955164854,[432.82477244]
2.7768273204608436,432.44106,432.80252070671776,[432.8404347]
2.7791385342397907,432.44106,432.5437302944267,[432.77369366]
2.7814511327619336,432.44106,432.2843670739939,[432.63151691]
2.7837652859097126,432.44106,431.9627890926069,[432.39835179]
2.7860816401181685,432.44106,431.4633061045575,[432.06354814]
2.788400708620045,432.0114819880441,430.9522287357649,[431.66567275]
2.7907226041141815,431.5129410009423,430.4133184725611,[431.1979106]
2.7930479119777996,431.0136673339874,429.68845634720435,[430.62932742]
2.7953772438689937,430.513529656277,428.92751778674136,[429.99538034]
2.797710735116782,430.01249891092107,428.1580247425558,[429.29682934]
2.8000488609367955,429.5133808447698,427.2289447414267,[428.5007359]
2.80239226052226,429.01354844774403,426.2331515690519,[427.63690971]
2.80474114856617,428.51254539704155,425.23473982887543,[426.71371522]
2.8070958838483557,428.0102951671804,424.11909870800787,[425.70398371]
2.8094570920093727,427.50666431296395,422.9066447160863,[424.62340871]
2.811825089193867,426.53807950194255,421.6907046365337,[423.48779697]
2.8142003547941323,425.5344275799098,420.3226178373876,[422.25976647]
2.8165840376130458,424.52721902081134,418.718254845286,[420.90955551]
2.8189768969075635,423.51613300591293,417.10500290082206,[419.45914506]
2.821379003750728,422.4709322284207,415.50052122379856,[417.9115992]
2.8237903127613357,420.9632098656639,413.9274720398241,[416.31281275]
2.8262108153341075,419.4497390321774,412.3502233529145,[414.72080488]
2.8286409505875696,417.93024515974116,410.65273725388397,[413.10773847]
2.8310823834860184,416.4036871939361,408.5437506050099,[411.36854581]
2.833536593009354,414.7350808834708,406.3882967986075,[409.483752]
2.836003855992265,412.71754676857336,404.23228238212806,[407.45426676]
2.838484202376587,410.6893140743723,402.1122820668703,[405.31915296]
2.8409776781159675,408.6503452235793,399.9865775272132,[403.17985969]
2.8434841824447235,406.60072261446567,397.9426739031305,[401.06845397]
2.8460022926098887,404.265860234952,396.3071205132299,[399.0871635]
2.848530675491565,401.75207974356726,394.71551750616663,[397.23797236]
2.851069152308992,399.2282636128198,393.161592963944,[395.53172622]
2.853617127635129,396.6950038309287,391.77780394082407,[393.99050873]
2.856174074468357,394.2217447672533,390.4074619468922,[392.51559409]
2.8587398512809945,393.2209525821256,389.08580490096244,[391.10816594]
2.8613138085109284,392.21696959035353,387.9296035360373,[389.80016858]
2.863895418200487,391.2100017240782,386.7825431593085,[388.55135339]
2.86648419094217,390.20023987878176,385.7855924129629,[387.395886]
2.8690784732842562,389.19417044599663,385.1410586754324,[386.40969945]
2.8716770561704736,388.19135938894397,384.5097215099106,[385.55472894]
2.874279421618896,387.18708861505,384.02215635060713,[384.86463224]
2.8768843221753397,386.1818395254868,383.7615601739053,[384.35862418]
2.8794909834038585,385.21895495140757,383.5035543983859,[383.94924811]
2.882098942130991,384.72051361308,383.37976752790667,[383.66675961]
2.884707286812576,384.2219985099141,383.390059512426,[383.5087354]
2.8873155541045534,383.72349819769533,383.4025183339876,[383.41897494]
2.889923162157579,383.2251238813145,383.5839578744485,[383.43907581]
2.8925291772250263,383.04225,383.8714208693307,[383.56198915]
2.895133236703569,383.04225,384.1603001519369,[383.75454931]
2.897735214790486,383.04225,384.48581902739784,[384.02537448]
2.900334940278731,383.04225,384.8263259873871,[384.33596651]
2.902932386089738,383.1248889999968,385.1610090262753,[384.65836355]
2.905527785302449,383.62092992411857,385.43344911839813,[384.97665079]
2.908121409475003,384.11663159693916,385.6883810046038,[385.27729128]
2.910713298532714,384.61200164911116,385.94967324674656,[385.5581281]
2.913303285059347,385.1070080835132,386.2552369314472,[385.83168508]
2.9158911963032583,385.60388449117664,386.56892162715354,[386.1155532]
2.9184769582213708,386.1013739386959,386.8976327426743,[386.41786614]
2.921060292361126,386.59839629212394,387.29587882795374,[386.75441753]
2.923640944173174,387.09490257726276,387.7023370440867,[387.11619256]
2.9262188951230543,387.49298,388.10782584921395,[387.50091862]
2.9287941613624233,387.49298,388.51111503779214,[387.90428919]
2.931366757601544,387.49298,388.91384823750894,[388.30878154]
2.9339368369888588,387.49298,389.2723955212552,[388.70129616]
2.936504903325904,387.49298,389.52376698797264,[389.05528145]
2.9390713294145767,387.8312985608246,389.77013464391985,[389.37003635]
2.9416363072947824,388.32679621977763,389.9637331325057,[389.63250757]
2.94420033572164,388.8221104650978,390.0588316636451,[389.82911661]
2.9467637465702405,389.31730540779824,390.15165601584687,[389.98608886]
2.949326271390774,389.73771,390.3286292107372,[390.12571251]
2.951887237497254,389.73771,390.6267635273889,[390.2914701]
2.954446247341087,389.73771,390.9256393676171,[390.50817203]
2.9570033370528104,389.73771,391.2136269947233,[390.77366478]
2.959558584399085,389.73771,391.48956277180554,[391.06389817]
2.962112032766949,390.04173139990723,391.7650636427927,[391.34847319]
2.964664276177954,390.53847937545265,391.85926477285744,[391.58187955]
2.967216416702345,391.03520732598145,391.7966482360133,[391.72763486]
2.9697689649124617,391.5320146251562,391.73410147449437,[391.78876953]
2.9723218892358982,391.99544,391.68121199766415,[391.76780662]
2.974875136589948,391.99544,391.63498484198414,[391.71173664]
2.9774286840540567,391.99544,391.5891513685971,[391.65986242]
2.9799824668526007,391.99544,391.5628079143454,[391.61703903]
2.9825363862732193,391.99544,391.54725602985957,[391.58355004]
2.9850904095569994,391.99544,391.5309616069951,[391.55754423]
2.9876446037977935,391.99544,391.494844462262,[391.5339675]
2.990199062533671,391.99544,391.4498860609625,[391.50573704]
2.9927538223817693,391.99544,391.4025643551016,[391.46956412]
2.9953090214686444,391.99544,391.3153205723778,[391.41565386]
2.997864837137377,391.99544,391.2137397856702,[391.34537769]
3.0004213636960397,391.99544,391.097727781688,[391.25733812]
3.002979196105956,391.99544,390.81443143036716,[391.11030489]
3.0055390408958544,391.99544,390.48307833453646,[390.90224433]
3.0081011863286524,391.77740933593543,390.11291131921786,[390.62703722]
3.0106668129968663,391.27848665741465,389.42433985048746,[390.20869023]
3.0132372183224168,390.77863470085515,388.6638048098477,[389.67103358]
3.0158128129419035,390.2777736121167,387.85674902873063,[389.01445125]
3.018394655465838,389.7756975292948,386.78531669588114,[388.1825526]
3.020983812969238,388.8155110642813,385.6683402476929,[387.2435527]
3.0235808432955826,387.81502412826694,384.4439818656982,[386.18859696]
3.0261875797309665,386.8107979847448,382.80242180583855,[384.92501515]
3.02880568976716,385.80219024470875,381.11115537325384,[383.50647482]
3.0314357101622047,384.5624444141979,379.3433309253317,[381.92522249]
3.0340786510620417,383.05577232789074,377.3944626122018,[380.16284268]
3.036735340815306,381.5412623766965,375.4272226436595,[378.31904289]
3.0394058792672167,380.01885764144436,373.4904253236079,[376.41386038]
3.042090135204703,378.4412346570116,371.5998059481314,[374.47797913]
3.044788137580988,376.4297785250624,369.69428369588474,[372.5529344]
3.0475016639015147,374.40674874398974,367.36141428463236,[370.53648231]
3.050233509071493,372.3700616131746,364.75378564133155,[368.35232239]
3.0529849124289408,370.3187931623197,362.1572697931388,[365.99168835]
3.0557550513129446,368.2947842179783,359.83565678558386,[363.52703163]
3.058542887811552,366.2655754202133,357.57366190042484,[361.08009353]
3.0613477349918163,364.2239848974468,355.48378883188707,[358.76259433]
3.064166984278563,362.17191137784994,353.9283317770553,[356.70535982]
3.0669985337162866,360.14481557547606,352.4020300676983,[354.84695314]
3.0698409095570396,358.1249014869295,351.2366153893806,[353.26269152]
3.0726914839917194,356.0991611261702,350.3774084493267,[351.98609642]
3.0755488693506656,354.0685806307306,349.56412862160096,[350.89504563]
3.0784112114001347,352.67050461947247,349.1646114426381,[350.08569098]
3.0812764380698776,351.66907211391253,348.860574682283,[349.4916808]
3.084143671127611,350.6669383506919,348.67607464194276,[349.06634735]
3.0870113934072814,349.66463359829413,348.741535075067,[348.86069896]
3.089878534616498,349.22823,348.8174192028945,[348.7739009]
3.0927446273605046,349.22823,348.9967517696537,[348.80794517]
3.0956090285461126,349.22823,349.2295415171944,[348.94631189]
3.0984713053288484,349.22823,349.51501942213963,[349.13968298]
3.101330227855398,349.4844194199089,350.04964156315407,[349.44773857]
3.104184660462135,349.98180860417966,350.61545717645515,[349.85241492]
3.1070339351348495,350.4782990106725,351.3182750101677,[350.37459829]
3.1098768099905323,350.9736742394011,352.1960247275147,[351.04484962]
3.1127125946207164,351.46888093651813,353.07725348451675,[351.8017526]
3.1155409939478576,351.964162380828,354.0377819307381,[352.65733379]
3.118361626892467,352.45808385268964,355.0243011987346,[353.58384034]
3.121174892693962,352.9507152629794,355.89430242915245,[354.50840976]
3.1239829180922314,353.4436053836929,356.3502594847947,[355.32666126]
3.1267875018758646,353.9384113309543,356.76827842306045,[356.00928538]
3.1295895544513526,354.43277070327247,356.9942747855173,[356.50177878]
3.1323907034585314,354.9269706612149,356.99844568118687,[356.77781459]
3.1351918638284237,355.4216090302932,356.99137856898056,[356.93809436]
3.137993823974745,355.91838860000814,356.7947023893149,[356.94470036]
3.1407976003256968,356.4154901776417,356.52905351572826,[356.82839504]
3.1436037005224793,356.9130037665359,356.20401932200343,[356.62978845]
3.1464132902857838,357.370981240098,355.6441171694426,[356.2929731]
3.1492274060561747,356.8724758886274,355.0591793461328,[355.85909234]
3.152046287724915,356.37312628410336,354.44258253939853,[355.33747459]
3.1548702339271575,355.87287952492784,353.7868140028824,[354.73317326]
3.1576994586309315,355.3716977078243,353.1212552655503,[354.10245779]
3.1605345982840802,354.8717400547573,352.31229467751587,[353.41573662]
3.163376468388619,354.3707876274408,351.4506938273273,[352.66776444]
3.16622565030472,353.8685463059752,350.50645659474026,[351.84767509]
3.169083660294613,353.36474881028914,349.2832982900988,[350.88818585]
3.1719518099928807,352.4388874602148,348.0326176022321,[349.81826658]
3.1748306041677004,351.4318455503569,346.705241192247,[348.63190342]
3.1777207286785782,350.4208401326655,345.3092830972513,[347.33261005]
3.1806226148127883,349.4057203369032,343.90051483623984,[345.98691418]
3.1835366717346707,347.9845694252963,342.4310229881238,[344.58651553]
3.1864633376618507,346.47219905233374,340.9436852173841,[343.14612653]
3.1894023452526366,344.95345105826436,339.56093949963514,[341.70904064]
3.192352600989869,343.4288905239664,338.34856223296305,[340.32105248]
3.1953134338673466,341.92283512379936,337.1392121160878,[338.99809977]
3.198284635175763,340.41512689083675,335.99115174800534,[337.7599664]
3.201265935175493,338.90229417169667,334.8590464770128,[336.58449314]
3.204256929315385,337.384542252066,333.8165735684716,[335.45149598]
3.207256484888396,336.3655999152686,332.94999555157693,[334.40419184]
3.2102637944351633,335.3619744633472,332.0973686224686,[333.43074605]
3.2132781082853903,334.35601147446255,331.4042711464498,[332.56705222]
3.2162985045150405,333.3491843225854,330.76113188465376,[331.8031918]
3.2193244717890455,332.3500699263359,330.1850510289276,[331.11195567]
3.2223551633036003,331.3493956795271,329.7306608209051,[330.52027872]
3.225389918524156,330.3473796775704,329.30135439690866,[329.99454953]
3.22842746776849,329.62756,329.12423276383936,[329.58532475]
3.231466333272132,329.62756,329.01613296128096,[329.29309524]
3.2345053165920916,329.62756,329.0987103655862,[329.13510762]
3.237542251951202,329.62756,329.46012143285515,[329.17479938]
3.2405755819041073,329.62756,329.88154204805807,[329.3641267]
3.243602887807797,329.62756,330.77308150867185,[329.80336384]
3.2466215872938786,329.62756,331.7653710579652,[330.47002901]
3.24963085056344,329.62756,332.85090087169095,[331.31772387]
3.2526297989110704,330.23120293809654,334.0517104243191,[332.36026597]
3.2556178743061537,331.2169563997637,335.2776890991725,[333.48641786]
3.2585940783029788,332.19879353724843,336.7223638447531,[334.72566606]
3.261557363715063,333.1763688881505,338.20745394432146,[336.06480433]
3.264507818206959,334.5117548204696,339.6573140118293,[337.46620523]
3.2674459035879493,335.9880743379472,341.06099224082806,[338.91203101]
3.2703719024070494,337.4583206394,342.46918406108244,[340.34873606]
3.273285406763616,338.9222887642493,343.9927556660545,[341.79506149]
3.2761859192939706,340.3969265131848,345.54404236104074,[343.26674358]
3.279072903530486,341.87038662099576,347.22446759002145,[344.80761242]
3.2819447124104575,343.33610152458755,349.2063467474464,[346.49190309]
3.2848002833745724,344.79352891453595,351.1845664203474,[348.28985578]
3.287640839084954,346.26213231541306,352.90722974289054,[350.13065263]
3.2904681532251834,347.73162701336696,354.4814101928786,[351.94488828]
3.2932831650939765,349.1947276136891,355.99840700956383,[353.64290334]
3.2960874278864076,350.6522413885159,357.2035496744043,[355.14764915]
3.298882462126959,352.12062821281165,358.3530371447194,[356.50910101]
3.3016690062755103,353.59551720432114,359.383346957552,[357.7345852]
3.3044484572193653,355.06665183596283,360.1841206077842,[358.7810136]
3.307221782145421,356.53454402975603,360.9727741767358,[359.72331972]
3.3099906290308487,357.8026094892434,361.34977653905946,[360.47250457]
3.3127576180054765,358.7923121115557,361.4576010273749,[360.99106809]
3.3155240207004253,359.78180503208,361.5029468062244,[361.32077464]
3.318292265341813,360.7719567840045,360.97693457987714,[361.32181474]
3.321065080745511,361.4335156248187,360.31222728044753,[361.06242742]
3.323843572525277,360.9356012898206,359.50365922556466,[360.57394197]
3.3266299511832607,360.43627360181154,358.2759739106032,[359.76719875]
3.329426016262295,359.9352100771406,357.01717468859556,[358.77725878]
3.3322320020985225,359.40378850953334,355.74706129628294,[357.63596728]
3.335048068214448,358.40233378968423,354.465847922807,[356.37651445]
3.337874389012411,357.39723228055345,353.17027937537193,[355.10009082]
3.340711578441339,356.38826564847136,351.7555304119693,[353.78467975]
3.343560360003154,355.3751766003252,350.3020087625526,[352.42341662]
3.346421038876721,353.8901819207713,348.8358128864682,[351.01590786]
3.349293867211488,352.3783807753616,347.3454179971772,[349.55969251]
3.3521790863825442,350.8600590591723,345.8460653359699,[348.08232625]
3.3550774583721514,349.3348157856069,344.20040979922425,[346.5569265]
3.3579901436358224,347.8277486866991,342.45562484758267,[344.96187949]
3.360917909181306,346.3148100800588,340.6638832006594,[343.2914958]
3.3638620008124427,344.79343488076915,338.66865908750117,[341.49714423]
3.3668236611026234,343.26298098234133,336.6343647295477,[339.60563297]
3.3698025462714107,341.263771461895,334.7629618420016,[337.68246721]
3.3727974044739044,339.2433117674268,333.05266833841654,[335.7796635]
3.3758074607514414,337.2125988001885,331.3908920857728,[333.96022175]
3.378831132638271,335.22997886960684,330.05921934882446,[332.3164354]
3.3818667957422504,333.72344542293354,328.7779098231805,[330.8201724]
3.384912851675847,332.2117542413971,327.81027744488364,[329.50957468]
3.387966605993606,330.6962425195609,327.12197998675373,[328.44234665]
3.3910263858808163,329.3317265876417,326.5203629345441,[327.55763255]
3.394089954927771,328.3318146248246,326.31303858365425,[326.94141474]
3.397155229848156,327.3313458855084,326.1570224383936,[326.52810099]
3.4002206897402902,326.33081677364544,326.2736516810855,[326.31601891]
3.4032842615118586,325.84146,326.5592283162583,[326.32573525]
3.406344766755688,325.84146,326.92785210005167,[326.47943863]
3.4094006211543286,325.84146,327.5541914783598,[326.82873089]
3.412450519093715,325.84146,328.2061048835158,[327.31184419]
3.4154933247904573,326.5436738664213,329.08317364242487,[327.94283053]
3.4185275771996926,327.53316422357955,330.059216530283,[328.72567163]
3.421552127369484,328.5194906144362,331.1981012158073,[329.63664907]
3.4245644918750577,329.5018431772745,332.73573666340974,[330.76905701]
3.427562939363845,330.4903007696613,334.27968492228524,[332.06818483]
3.4305480391540444,331.47592153306175,335.71775385714767,[333.48281916]
3.433520580409941,332.4573957174408,337.1101037549324,[334.9608198]
3.4364808252829935,333.43480988001227,338.5125910090306,[336.40503339]
3.439428678142206,334.9028728809492,339.95037079413913,[337.82270485]
3.4423640828911717,336.37657501035847,341.3897156896704,[339.24069531]
3.445286253580136,337.8436330603056,343.0369649923482,[340.72241062]
3.4481939963895103,339.30373109015136,344.7862252829151,[342.29081919]
3.4510868744698566,340.7801993002083,346.57140521563207,[343.9460778]
3.4539641758516786,342.2487174689745,348.52987605666294,[345.73111789]
3.456825319200958,343.7089888949731,350.49690893906296,[347.59610387]
3.4596715409930905,345.16164465098495,352.1931130250907,[349.44782581]
3.4625052215528602,347.11105714690257,353.60557091377217,[351.20636723]
3.465327696940734,349.0727067143471,354.99500651696945,[352.82264985]
3.4681400484846283,351.02732010558657,356.15553601676265,[354.23730662]
3.4709435335866754,352.9757712280998,357.2438872109619,[355.50000016]
3.47373882916008,354.11726799358155,358.2453574168535,[356.65994679]
3.4765274113360656,355.1040847229589,358.9657166631067,[357.65262433]
3.4793104946550657,356.08895553009927,359.66238404030594,[358.52933633]
3.4820888296684114,357.07214601829617,360.193601480773,[359.2667649]
3.484863792560809,357.72519353387344,360.5369204644647,[359.83965566]
3.487636173193829,358.21957753418116,360.8648919554297,[360.31444949]
3.4904071792271356,358.71371640937986,360.8946348578748,[360.62251219]
3.4931784053005948,359.2078945231771,360.80759227070837,[360.77600989]
3.495950531528415,359.4614,360.66030600943344,[360.80685627]
3.4987249090467567,359.4614,360.2223874348243,[360.64623014]
3.5015028113804068,359.4614,359.74564481619586,[360.35898263]
3.5042847790494926,359.4614,359.1704312348637,[359.94969237]
3.5070718572072614,359.3094928019764,358.4277232489658,[359.39154668]
3.5098647440027815,358.8114520459811,357.6779905427232,[358.75544746]
3.512663981237405,358.3122788497104,356.8034302738316,[358.01989383]
3.5154703602703483,357.81183209425353,355.8599277426825,[357.19226795]
3.5182842876314613,357.3104366597971,354.89179187843837,[356.30828511]
3.521106450492778,356.80964386005644,353.78625594447465,[355.33535146]
3.523937551673897,356.30726495546685,352.654455854787,[354.29810786]
3.526778226474373,355.80318721212245,351.40582239791473,[353.18458152]
3.529629845632365,355.2275535419287,349.9531142618213,[351.94991211]
3.5324933853213825,353.72193841034937,348.4862436728674,[350.62490905]
3.5353695267466887,352.2096974356173,346.89350187862544,[349.18467055]
3.5382591620052617,350.6903615637452,345.2393263145968,[347.64304653]
3.541162484126862,349.1649901382418,343.6304667944255,[346.06238467]
3.5440786119348706,347.65936223221934,342.2134567594414,[344.49418794]
3.5470067830534826,346.14751623641496,340.80962070512896,[342.97321764]
3.549946941359199,344.6294811279904,339.4286640214345,[341.52055207]
3.5528990116173835,343.10720668608315,338.0647325052714,[340.1291185]
3.5558629624192197,341.6005845011698,336.7130082474331,[338.75400637]
3.5588384280593446,340.08810914527567,335.45305554530586,[337.41486508]
3.561825045677426,338.5699650659385,334.2031320010642,[336.10848207]
3.564822005003936,337.1446828106632,333.1416139602303,[334.87770244]
3.5678277012184845,336.14159577397686,332.2627868706073,[333.76514709]
3.5708411976277157,335.13590558859846,331.4191824378799,[332.75667882]
3.573861415562178,334.1279722374625,330.78529287594876,[331.90221904]
3.5768872785683126,333.12234290260676,330.18371090852395,[331.16274327]
3.579917228188997,332.1236355237181,329.8933983685172,[330.57039615]
3.5829485976238145,331.12446015722935,329.87442098180617,[330.18420578]
3.5859796073385657,330.1254033587463,329.9717133765724,[329.98081091]
3.5890072036970855,329.8770962301139,330.618960936626,[330.08962342]
3.5920285549104705,330.374021325331,331.3373010044177,[330.45059907]
3.595042111855058,330.8696644882301,332.3317542997876,[331.0649324]
3.5980457603730382,331.3636780008545,333.52726190438585,[331.95381954]
3.601038319056098,332.18077239081276,334.7995647670316,[332.99897049]
3.6040179781219863,333.1702966172213,336.4220891999642,[334.27016754]
3.6069831522745908,334.1550105038243,338.0786181313846,[335.7068835]
3.609933608931808,335.1348368117092,339.7868560962882,[337.27178205]
3.6128691004512357,336.4846429711772,341.5345330541587,[338.95552412]
3.615789478634504,337.9592956067852,343.3128944212717,[340.67822543]
3.6186938073787593,339.4258440360013,345.32023574332624,[342.48862983]
3.621581185120359,340.88383301189515,347.3557666505936,[344.38085747]
3.624450831977831,342.3508190130053,349.6013370104166,[346.39755846]
3.627300881673799,343.8138559695849,352.1500694411152,[348.60685221]
3.6301305488395608,345.26642981213445,354.6557199630788,[350.94072327]
3.6329424724634745,346.70989523194294,356.60650208315894,[353.25340712]
3.635739909497973,348.8029124644672,358.3378215375891,[355.43752826]
3.638524086710427,351.2427773635627,360.01115548691035,[357.40279977]
3.641296211800902,353.6720805968107,361.45991794083955,[359.10384926]
3.644057366219654,356.09176987418823,362.877572024284,[360.67161675]
3.6468085142830544,358.07419852521775,364.09369628807684,[362.11058544]
3.649551696517912,359.55151803448985,364.9876536272058,[363.35470997]
3.6522882164594117,361.02524961736435,365.8686708365933,[364.45689819]
3.655019824592227,362.4963359837807,366.30102560767875,[365.31276159]
3.657749230915694,363.7486794660498,366.4590899774742,[365.90411001]
3.6604776356222195,364.24372394205636,366.5700097782707,[366.29969905]
3.663206965995743,364.73893637200797,366.21063870135566,[366.38519102]
3.665939430291283,365.23471742390154,365.729707867225,[366.24236158]
3.668677345899777,365.731487567464,364.7542996755118,[365.81616401]
3.6714293207849344,365.74467,362.00690477362656,[364.67538775]
3.674202955558933,365.74467,359.0804426095375,[362.89283873]
3.676994356706297,365.74467,357.40951061830367,[360.81278942]
