0.0,0.0,0.0,6.366462912410498e-14
0.023219954648526078,0.0,0.0,2.7284841053187846e-14
0.046439909297052155,0.0,0.0,0.0
0.06965986394557823,0.0,0.0,9.094947017729283e-15
0.09287981859410431,0.0,0.0,9.094947017729283e-14
0.11609977324263039,0.0,0.0,9.094947017729283e-14
0.13931972789115646,0.0,0.0,9.094947017729283e-14
0.16253968253968254,0.0,0.0,-9.094947017729283e-15
0.18575963718820862,0.0,0.0,-3.637978807091713e-14
0.2089795918367347,0.0,0.0,-2.7284841053187846e-14
0.23219954648526078,0.0,0.0,2.7284841053187846e-14
0.25541950113378686,0.0,0.0,-3.637978807091713e-14
0.2786394557823129,0.0,0.0,9.094947017729283e-14
0.301859410430839,0.0,0.0,9.094947017729283e-14
0.3250793650793651,0.0,0.0,4.5474735088646414e-14
0.3482993197278912,0.0,0.0,-3.637978807091713e-14
0.37151927437641724,0.0,0.0,1.1823431123048067e-13
0.3947392290249433,0.0,0.0,3.637978807091713e-14
0.4179591836734694,0.0,0.0,6.366462912410498e-14
0.44117913832199546,0.0,0.0,-3.637978807091713e-14
0.46439909297052157,0.0,0.0,50.42490000000004
0.4876190476190476,153.7703827652681,151.2747,97.27749000000006
0.5108390022675737,142.65282799805075,140.55777,143.27396999999996
0.5340589569160998,138.5915024287257,137.98944,138.2563066666667
0.5572789115646258,136.210511605407,136.22171,137.39537
0.5804988662131519,136.2104,137.97496,137.42605666666665
0.603718820861678,137.7930096291804,138.0815,137.68214000000006
0.626938775510204,137.79309,136.98996,138.2046366666667
0.6501587301587302,137.79309,139.54245,139.82831333333337
0.6733786848072563,140.2015335767899,142.95253,142.11691333333337
0.6965986394557824,142.6522064057492,143.85576,143.6104733333334
0.7198185941043084,143.47867996537116,144.02313,144.26490666666675
0.7430385487528345,144.30983805260146,144.91583,144.51253666666676
0.7662585034013606,144.30989,144.59865,144.20529666666675
0.7894784580498866,144.30989,143.10141,142.87740999999997
0.8126984126984127,142.65246330817712,140.93217,141.43777666666662
0.8359183673469388,141.0139652068062,140.27975,140.70399666666674
0.8591383219954649,140.20172869258067,140.90007,141.0833766666667
0.8823582766439909,141.01378972113335,142.07031,142.80215000000007
0.905578231292517,142.6522251926266,145.43607,145.32403000000005
0.9287981859410431,145.9864295051963,148.46571,147.22184333333334
0.9520181405895691,147.68284416454264,147.76375,147.08236000000002
0.9752380952380952,146.832449775645,145.01762,144.8731566666667
0.9984580498866213,144.3101018493323,141.8381,141.9830699999999
1.0216780045351475,141.01413325288425,139.09349,140.37043000000008
1.0448979591836736,139.39431235440946,140.1797,140.9906900000001
1.0681179138321997,141.01370448215923,143.69888,143.28546000000009
1.0913378684807256,143.47850373216068,145.9778,144.87404333333336
1.1145578231292517,145.14571370593026,144.94545,144.50561666666675
1.1377777777777778,144.30997000574217,142.5936,142.91865666666672
1.1609977324263039,142.6525118688245,141.21692,141.84502666666668
1.18421768707483,141.83081184089485,141.72456,141.52844666666664
1.207437641723356,141.83073,141.64386,141.5385166666667
1.2306575963718822,141.01393455967857,141.24713,142.11743
1.253877551020408,141.83064384485576,143.4613,143.07166
1.2770975056689342,143.47855296909577,144.50655,143.73778333333337
1.3003174603174603,144.30979909205254,143.2455,143.64714666666666
1.3235374149659864,143.47882253130365,143.18939,143.24565000000007
1.3467573696145125,143.47873,143.30206,142.91950333333344
1.3699773242630386,142.65244522719684,142.26706,142.30833000000004
1.3931972789115648,141.8308262834057,141.35587,141.84140333333337
1.4164172335600906,141.01394732340367,141.90128,142.24333000000001
1.4396371882086167,141.8306310811307,143.47284,143.44244666666668
1.4628571428571429,143.47852721914606,144.95322,144.83387000000002
1.486077097505669,145.14566160790702,146.07555,145.43900666666678
1.509297052154195,145.98658325548195,145.28825,145.29150333333334
1.5325170068027212,145.14597838674143,144.51071,144.3872166666666
1.5557369614512473,144.30999939560664,143.36269,143.58102333333332
1.5789569160997732,143.47884038822193,142.86967,142.76865333333336
1.6021768707482993,142.65246136739967,142.0736,143.6106366666667
1.6253968253968254,142.65235,145.88864,144.99167
1.6486167800453515,145.1455242195816,147.01277,147.5588033333333
1.6718367346938776,146.83214283499447,149.775,150.65765666666672
1.6950566893424037,151.13428655596374,155.1852,153.83797999999996
1.7182766439909298,155.56284993160168,156.55374,155.8620566666667
1.7414965986394557,156.4645279929336,155.84723,155.9014933333332
1.7647165532879818,155.5636237671606,155.30351,158.1588833333333
1.787936507936508,156.46452447274515,163.32591,163.66703666666675
1.811156462585034,165.76712261479952,172.37169,170.10332666666673
1.8343764172335602,172.60744461760828,174.61238,173.03088
1.8575963718820863,173.60825376436765,172.10857,170.31633000000008
1.8808163265306124,171.61466546590725,164.22804,164.21483000000003
1.9040362811791383,162.9221223348586,156.30788,159.0245566666667
1.9272562358276644,157.37194965339904,156.53775,158.68847666666667
1.9504761904761905,157.37105,163.2198,163.60105666666675
1.9736961451247166,164.8125443929406,171.04562,169.21915
1.9969160997732427,171.61320771898892,173.39203,171.06495000000004
2.020136054421769,172.6083310724979,168.7572,167.6254166666667
2.043356009070295,167.6955145628816,160.72702,162.5234166666667
2.066575963718821,160.12316636653054,158.08603,160.40943000000004
2.089795918367347,159.19978211042553,162.41524,163.99239000000006
2.1130158730158732,164.81278217273012,171.4759,169.18205000000003
2.1362358276643993,171.61312802496485,173.65501,171.5983766666667
2.159455782312925,172.60831942232534,169.66422,168.12333333333333
2.182675736961451,168.66684379491454,161.05077,162.44307666666666
2.2058956916099772,160.1234353595014,156.61424,158.7235366666667
2.2291156462585033,157.3715657739926,158.5056,161.17104000000006
2.2523356009070294,159.19927357237586,168.39328,166.50102333333334
2.2755555555555556,168.66430805627328,172.60419,170.4538933333333
2.2987755102040817,171.61377993320323,170.36421,169.1400766666667
2.3219954648526078,169.64357499143554,164.45183,164.92737333333338
2.345215419501134,163.8656599307228,159.96608,162.94688000000005
2.36843537414966,161.0499908176156,164.42273,165.74273666666667
2.391655328798186,165.76759064964727,172.8394,171.10196000000005
2.414875283446712,173.60681752951655,176.04375,174.26432333333335
2.4380952380952383,175.62523630901114,173.90982,172.36141666666666
2.4613151927437644,172.60912464311593,167.13068,167.94796000000005
2.48453514739229,166.7300487588501,162.80338,165.47415999999996
2.507755102040816,163.86512418710123,166.48842,167.18210666666667
2.5309750566893423,167.69385459856525,172.25452,171.72315666666674
2.5541950113378684,173.60713947240345,176.42653,174.2963933333334
2.5774149659863945,175.62521857939734,174.20813,173.34102000000004
2.6006349206349206,173.60736266129368,169.3884,169.8113866666667
2.6238548752834467,168.66551162257497,165.83763,167.37265000000002
2.647074829931973,165.76894064930542,166.89192,168.53184333333334
2.670294784580499,167.69588855146765,172.86598,173.03296333333336
2.693514739229025,173.60965956651467,179.34099,178.48922333333337
2.716734693877551,179.73133507637687,183.2607,182.2100966666667
2.7399546485260773,182.87234,184.0286,183.00865333333334
2.7631746031746034,182.872131197859,181.73666,182.8817
2.7863945578231295,181.8192767449771,182.87984,183.33041
2.809614512471655,182.87275293779697,185.37473,184.97135
2.8328344671201813,184.9974161724098,186.65948,185.8212633333334
2.8560544217687074,186.06868592071115,185.42958,184.5660866666667
2.8792743764172335,184.99661099626758,181.6092,181.65626000000003
2.9024943310657596,181.8182954163077,177.93,178.4461466666667
2.9257142857142857,177.66632,175.79924,178.3806066666667
2.948934240362812,177.66727070687364,181.41258,181.8359
2.972154195011338,182.87330809913453,188.29588,186.38619333333335
2.995374149659864,188.23091,189.45012,187.45712333333336
3.01859410430839,188.23015008429672,184.62537,183.68167666666662
3.0418140589569163,183.930614782598,176.96954,177.94358333333327
3.0650340136054424,177.66561858528598,172.23584,175.55706666666669
3.0882539682539685,173.6094562877514,177.46582,178.1849366666667
3.1114739229024946,179.7315897504401,184.85315,182.9222833333334
3.1346938775510207,184.99721,186.44788,184.30931000000004
3.1579138321995464,184.99668548377838,181.6269,180.41406
3.1811337868480725,181.8178949762696,173.1674,175.09139666666667
3.2043537414965986,174.61379682943982,170.47989,173.66884666666672
3.2275736961451247,172.6094689296408,177.35925,176.93902666666662
3.250793650793651,178.69618670419584,182.97794,181.3226866666667
3.274013605442177,182.87234,183.63087,181.63354
3.297233560090703,182.87169961143627,178.29181,177.74595666666673
3.320453514739229,178.69460862518827,171.31519,174.10805333333332
3.3436734693877552,172.60879966724673,172.71716,174.99855000000002
3.3668934240362813,174.61533776248484,180.9633,180.9165466666667
3.3901133786848074,182.87311971227598,189.06918,186.5028766666667
3.4133333333333336,188.23091,189.47615,186.9871666666666
3.4365532879818597,188.23015121959713,182.41617,182.0699633333333
3.4597732426303858,182.87132801304074,174.31757,176.6981566666667
3.4829931972789114,175.62565,173.36073,175.95573999999993
3.5062131519274375,175.62649070673694,180.18892,180.36235333333335
3.5294331065759637,181.81978278793395,187.53741,185.24744333333334
3.5526530612244898,187.14678,188.016,186.1652633333333
3.575873015873016,187.14622482479535,182.94238,183.46450000000004
3.599092970521542,182.8719380917616,179.43512,180.55995666666666
3.622312925170068,179.7305695930965,179.30237,179.3614633333334
3.645532879818594,178.69578751432127,179.3469,180.83420666666666
3.6687528344671203,180.77225572190292,183.85335,183.13916333333336
3.6919727891156464,183.93196671154942,186.21724,185.98535333333336
3.7151927437641725,186.0691454725674,187.88547,187.49456333333333
3.7384126984126986,188.23091,188.38098,188.35072333333338
3.7616326530612247,188.23091,188.78572,188.23080000000002
3.784852607709751,188.2307882473569,187.5257,187.37383666666665
3.8080725623582765,187.1466610533866,185.81009,186.9098533333334
3.8312925170068026,186.0691243591321,187.39377,188.0844366666667
3.8545124716553287,188.2311428092816,191.04945,190.14925000000002
3.877732426303855,190.41815526301704,192.00453,191.22429666666665
3.900952380952381,191.5208944350108,190.61891,189.60491333333331
3.924172335600907,189.32099285191828,186.1913,186.80576666666667
3.947392290249433,186.06867920433746,183.60709,185.58149
3.9706122448979593,183.93212564450062,186.94608,187.97394666666668
3.9938321995464854,188.2314324709132,193.36867,192.1144133333334
4.017052154195011,193.7465941249919,196.02849,194.08289666666673
4.040272108843538,194.86864672183248,192.85153,192.55713
4.063492063492063,192.63020901268737,188.79137,187.87142999999998
4.08671201814059,188.23035272202583,181.97139,183.73153666666676
4.1099319727891155,181.81907,180.43185,183.83284333333336
4.133151927437642,181.8196927441454,189.09529,188.64089333333337
4.156371882086168,189.32186115245872,196.39554,194.31174333333334
4.179591836734694,195.99772,197.4444,195.16335333333336
4.20281179138322,195.99728953724707,191.65012,191.1082133333334
4.2260317460317465,190.41755225934094,184.23012,185.12449333333322
4.249251700680272,183.93147856685835,179.49324,182.75443666666666
4.272471655328799,180.77224761885236,184.53995,185.59509666666665
4.295691609977324,186.06934496142594,192.7521,191.52839666666668
4.31891156462585,192.63082688557245,197.29314,194.84752666666674
4.342131519274377,195.99757270301228,194.49734,193.33416666666668
4.365351473922902,193.74607107391398,188.21202,189.00634000000002
4.388571428571429,187.14664775132263,184.30966,186.9001966666667
4.4117913832199545,184.9974675880809,188.17891,189.13337666666666
4.435011337868481,189.32163963245193,194.91156,193.5929766666667
4.458231292517007,194.86897603822058,197.68846,195.66249000000005
4.481451247165533,197.1329381012829,194.38745,193.80219000000002
4.504671201814059,193.74626096332815,189.33066,190.34238333333334
4.527891156462585,189.32126569257673,187.30904,188.69673000000003
4.551111111111111,188.23096217772033,189.45049,189.47992666666673
4.574331065759638,189.32147189048464,191.68025,192.94085666666675
4.597551020408163,192.63079786426192,197.69183,197.06088000000003
4.62077097505669,197.13331348996383,201.81056,201.6413866666667
4.6439909297052155,201.7410311922731,205.42177,205.52600666666666
4.667210884353741,205.2673966524576,209.34569,208.13662333333338
4.690430839002268,208.8552265352021,209.64241,207.82404
4.713650793650793,207.65222806967176,204.48402,205.65870666666663
4.73687074829932,204.08497211936105,202.84969,204.29283000000007
4.760090702947846,202.9096673736185,205.54478,206.48272333333338
4.783310657596372,206.45649666478198,211.0537,210.80331333333336
4.806530612244898,211.28214737752455,215.81146,214.45865000000003
4.829750566893424,214.97519,216.51079,214.5882166666667
4.85297052154195,214.97505254112798,211.4424,211.06829000000002
4.876190476190477,208.85519641790734,205.25168,207.5347
4.899410430839002,205.26728206333584,205.91002,208.08782999999997
4.922630385487529,206.45646043311444,213.10179,213.4149633333333
4.9458503401360545,212.5060997753228,221.23308,219.03499000000005
4.96907029478458,220.00001617950937,222.7701,219.9469333333333
4.992290249433107,221.2743690317791,215.83762,215.4432866666667
5.015510204081632,213.73697652147166,207.72214,210.6034566666667
5.038730158730159,207.65235822306988,208.25061,210.13083000000003
5.061950113378685,208.85529383667222,214.41974,215.09062666666674
5.085170068027211,213.73705583759624,222.60153,220.0093233333334
5.108390022675737,222.5562787482154,223.0067,220.3261766666667
5.131609977324263,221.27445125178468,215.3703,215.41340666666667
5.154829931972789,213.73705208224214,207.86322,210.72013333333337
5.178049886621316,208.855293836672,208.92688,210.5296133333334
5.201269841269841,208.85527,214.79874,216.54277666666675
5.224489795918368,213.73698709399014,225.90271,222.9035366666667
5.2477097505668935,226.4463534728643,228.00916,225.19682999999998
5.27092970521542,226.44649,221.67862,220.33275000000003
5.294149659863946,221.27452576215683,211.31047,214.11823
5.317369614512471,211.28221588912947,209.3656,211.65036333333333
5.340589569160998,210.06517257915505,214.27502,216.02562333333327
5.363809523809524,213.7369546979205,224.43625,222.18724999999995
5.38702947845805,225.1420038283427,227.85048,225.3892433333334
5.410249433106576,226.44645815850944,223.881,222.11888666666667
5.433469387755102,223.84559857986608,214.62518,216.79001333333338
5.456689342403628,213.7373162753197,211.86386,213.9787066666666
5.479909297052155,212.50602726773968,215.44708,216.72100333333336
5.50312925170068,214.97511042632732,222.85207,221.30556333333337
5.526349206349207,223.84522681514318,225.61754,223.07271
5.5495691609977325,225.14221314558955,220.74852,220.21185333333335
5.572789115646259,218.73313410638843,214.2695,216.42048666666673
5.596009070294785,214.9753404544913,214.24344,216.33326333333338
5.61922902494331,214.97519,220.48685,222.11861333333331
5.642448979591837,221.27417317759114,231.62555,230.45121333333336
5.6656689342403626,233.08133805847,239.24124,237.56999333333337
5.688888888888889,238.5296493037613,241.84319,238.55592
5.712108843537415,239.91163118051523,234.58333,234.01997333333327
5.735328798185941,233.0822334958525,225.6334,228.35225666666665
5.758548752834467,226.4468463923215,224.84004,227.02842
5.7817687074829935,226.44649,230.61182,231.52125333333342
5.804988662131519,231.73912503627935,239.1119,237.4781166666667
5.828208616780046,238.5295054897747,242.71063,239.07551000000004
5.851428571428571,239.91161498769534,235.404,235.39399333333336
5.874648526077098,233.08231353264932,228.06735,230.93104333333332
5.897868480725624,229.07793199369723,229.32178,231.72245333333333
5.92108843537415,230.40462058048718,237.77823,238.77121
5.944308390022676,235.7897865955049,249.21362,245.72191666666674
5.9675283446712015,246.94085502228518,250.1739,246.38734000000002
5.990748299319728,246.94165,239.7745,240.30609333333328
6.013968253968254,235.79099853813796,230.96988,233.61787333333334
6.03718820861678,231.7397425068798,230.10924,232.74461333333332
6.060408163265306,231.73943,237.15472,238.9856966666667
6.0836281179138325,235.78983166998694,249.69313,246.26622999999992
6.106848072562358,246.9407243410169,251.95084,248.52265666666668
6.130068027210885,249.81072622035902,243.924,243.04043333333334
6.15328798185941,238.53089048083893,233.24646,235.79028666666673
6.176507936507937,233.0823641501579,230.2004,233.31026333333335
6.199727891156463,231.73955192149032,236.48393,238.7275133333333
6.222947845804989,234.43186019130826,249.49821,247.02041333333338
6.246167800453515,245.5183197440242,255.0791,251.1571833333334
6.269387755102041,252.71294446158345,248.89424,247.2890566666667
6.292607709750567,245.52007958969807,237.89383,240.08087000000006
6.315827664399093,235.79113861979795,233.45454,236.1084833333334
6.339047619047619,234.43224925290184,236.97708,239.6530033333334
6.362267573696145,235.79001809466197,248.52739,247.33167000000003
6.3854875283446715,244.10439489618193,256.49054,252.47613000000004
6.408707482993197,254.17649817946676,252.41046,250.34369000000007
6.431927437641724,249.81145186239883,242.13007,243.7389266666667
6.455147392290249,239.91281173225252,236.67625,238.9348333333333
6.478367346938776,237.15639485049826,237.99818,239.81124333333332
6.501587301587302,238.52975034623952,244.7593,244.9709533333333
6.524807256235828,244.10462119291765,252.15538,253.09975333333335
6.548027210884354,251.25726082265464,262.38458,261.0115866666667
6.57124716553288,263.1396994376478,268.4948,267.42046000000005
6.594467120181406,269.29101717921435,271.382,269.35639333333336
6.617687074829932,270.8515734782061,268.19238,267.67516000000006
6.640907029478458,267.74116798848047,263.4511,263.9611666666666
6.664126984126984,263.1417474104153,260.24002,262.11889333333335
6.6873469387755105,261.6257698075198,262.66556,263.13910000000004
6.710566893424036,263.14094723236866,266.51172,265.93646000000007
6.733786848072563,266.19828496228524,268.6321,267.0247866666667
6.757006802721088,267.7405576646042,265.93054,265.27788999999996
6.780226757369615,266.1989153472453,261.27103,262.26805666666667
6.8034467120181406,261.62621756108865,259.6026,261.51763
6.826666666666667,260.1189263163939,263.67926,264.4152533333333
6.849886621315193,264.6648484063701,269.9639,268.9587533333333
6.873106575963719,270.8508577700827,273.2331,270.38447333333335
6.896326530612245,272.4205655653114,267.95642,266.40785
6.9195464852607715,267.74147840159503,258.03403,260.67097
6.942766439909297,258.6219383137827,256.02246,259.37561999999997
6.965986394557823,257.1312312855443,264.07037,264.2164700000001
6.989206349206349,266.19727431948377,272.55658,271.06899
7.012426303854875,272.41980957000055,276.58002,273.0431933333334
7.035646258503402,275.58566995441413,269.99298,268.88705666666664
7.058866213151927,270.8525421141853,260.08817,263.3798166666666
7.082086167800454,261.6270926804241,260.0583,262.4043566666667
7.1053061224489795,261.62557,267.0666,267.88829333333337
7.128526077097506,269.290484832286,276.53998,275.03751000000005
7.151746031746032,277.1812814686982,281.50595,278.4843233333334
7.174965986394558,280.40278329633156,277.40704,274.94996333333336
7.198185941043084,278.7886123107669,265.9369,267.7020299999999
7.2214058956916105,266.20092531111186,259.76215,263.55808333333334
7.244625850340136,261.6263872667532,264.9752,266.16312999999997
7.267845804988662,266.19787380136927,273.75204,273.33518
7.291065759637188,275.58446568815316,281.2783,278.3342200000001
7.314285714285714,280.4024508970099,279.97232,277.05739666666665
7.337505668934241,278.7886312366283,269.92157,271.10608000000013
7.360725623582766,270.85326585262555,263.42435,266.01089666666667
7.383945578231293,264.6666880452574,264.68677,266.71116333333333
7.4071655328798185,266.1984050411718,272.02237,272.5244466666667
7.430385487528345,273.99740413989457,280.8642,278.42958999999996
7.453605442176871,280.40208288485746,282.4022,279.20462333333336
7.476825396825397,282.0273779839493,274.34747,274.5533566666667
7.500045351473923,275.5874695595908,266.9104,269.40309
7.5232653061224495,267.7423559342751,266.9514,269.51439999999997
7.546485260770975,267.74077,274.6814,276.0630233333333
7.569705215419502,277.18068446428833,286.55627,284.9485466666667
7.592925170068027,286.95542676296554,293.60797,289.9698966666666
7.616145124716553,291.97232685479116,289.74545,287.8637733333333
7.63936507936508,288.62049067361204,280.2379,280.81952333333334
7.662585034013605,280.40509722348224,272.47522,276.3150166666667
7.685804988662132,273.99960399885936,276.23193,277.74714
7.7090249433106575,277.1843591091815,284.53427,284.7738133333334
7.732244897959184,285.30610667194014,293.55524,290.34157000000005
7.75546485260771,291.9730285642021,292.9352,289.80934666666667
7.778684807256236,290.2903673295946,282.9376,282.57543333333336
7.801904761904762,283.6594884262331,271.8535,276.0642666666667
7.8251247165532885,273.9992424115578,273.4017,276.14299
7.848344671201814,275.58813508907224,283.17377,282.79769000000005
7.871564625850341,285.3056935099348,291.8176,289.8114033333334
7.894784580498866,290.2924053815715,294.44284,291.14708
7.918004535147393,293.66313717701723,287.1808,286.54908
7.9412244897959186,285.3034400012307,278.0236,279.3069999999999
7.964444444444444,278.7874132787829,272.7166,276.6844566666667
7.987664399092971,274.00044107449,279.31317,280.58911666666665
8.010884353741497,282.0289360125862,289.73758,289.9119766666667
8.034104308390022,288.6216685220925,300.68518,296.2010000000001
8.057324263038549,298.79762404495307,298.18024,295.85028
8.080544217687075,297.0754538300898,288.68542,291.43875333333335
8.103764172335602,288.63250932873416,287.4506,314.53315333333336
8.126984126984127,359.46103202835525,367.46344,449.10241333333323
8.150204081632653,357.39068816906604,692.3932,453.41891999999996
8.17342403628118,355.3231035820245,300.40012,430.5189166666667
8.196643990929706,300.5282667110023,298.76343,296.3953066666667
8.219863945578231,297.0755529378266,290.02237,290.30979999999994
8.243083900226758,288.6186727387253,282.1436,284.1010799999999
8.266303854875284,282.02743033138586,280.13727,281.82388999999995
8.289523809523809,280.40387453590915,283.1908,283.91306666666674
8.312743764172335,283.66227378696544,288.41113,287.26066
8.335963718820862,288.6200477743208,290.18005,288.8494333333333
8.359183673469389,290.2912125075145,287.95712,287.22883
8.382403628117913,286.95694500256855,283.54932,284.38166333333334
8.40562358276644,283.66121791488695,281.63855,282.96831333333336
8.428843537414966,282.02794889416236,283.71707,284.3555066666666
8.452063492063493,283.66196568502824,287.7109,286.64376666666664
8.475283446712018,286.95770675014313,288.50333,287.5875333333333
8.498503401360544,288.6192943935264,286.54837,284.8344533333334
8.52172335600907,285.3039916016962,279.45166,281.01924333333335
8.544943310657597,280.40310973535213,277.0577,280.09764333333334
8.568163265306122,278.7892463627413,283.78357,286.6690333333333
8.591383219954649,285.306095209678,299.16583,299.4443133333333
8.614603174603175,295.3688483552778,315.38354,312.8221833333333
8.6378231292517,316.5661357187389,323.91718,320.23886
8.661043083900227,322.0986036133719,321.41586,320.04916333333335
8.684263038548753,320.24298006677736,314.81445,315.74884999999995
8.70748299319728,314.7416439880583,311.01624,312.81363
8.730702947845804,311.12720881224834,312.6102,313.3300466666666
8.753922902494331,312.929774507862,316.3637,316.38581999999997
8.777142857142858,316.5658426036671,320.18356,318.99783
8.800362811791384,320.2437,320.44623,318.3530766666667
8.823582766439909,320.24304453840887,314.42944,314.55959
8.846802721088435,314.7414763578786,308.8031,311.04483
8.870022675736962,309.3352264949874,309.90195,311.68800999999996
8.893242630385489,311.1275960686794,316.35898,316.4154566666667
8.916462585034013,316.56600602852336,322.98544,321.0160733333334
8.93968253968254,322.09885,323.7038,320.52727333333337
8.962902494331066,322.0980597267385,314.89258,314.73194666666666
8.986122448979591,314.7411649912988,305.59946,308.59916333333337
9.009342403628118,305.78201,305.30545,307.9139633333333
9.032562358276644,305.7829200083793,312.83698,313.30098666666663
9.05578231292517,314.7428427988425,321.76053,320.01962333333324
9.079002267573696,322.099032216441,325.46136,322.3663833333333
9.102222222222222,323.96421736338425,319.87726,318.52086333333335
9.125442176870749,318.3983802319717,310.22397,311.9224433333334
9.148662131519275,309.3348564522529,305.6661,309.1519233333334
9.1718820861678,307.55387299276754,311.5657,312.5432399999999
9.195102040816327,312.9299628641743,320.39792,319.1183566666667
9.218321995464853,320.24401977711,325.39145,322.5976233333334
9.24154195011338,323.9645932938606,322.0035,320.55209
9.264761904761905,322.0982465186007,314.26132,315.8638466666667
9.287981859410431,314.74182050773334,311.32672,312.9243066666667
9.311201814058958,311.1272624314797,313.18488,314.0148933333334
9.334421768707482,314.7423885691435,317.53308,316.6804000000001
9.357641723356009,318.39923,319.32324,316.77284000000003
9.380861678004536,318.3988347143072,313.4622,310.47309666666666
9.404081632653062,312.92784653834497,298.63385,298.6055833333334
9.427301587301587,291.97281180413756,283.7207,286.9183333333333
9.450521541950113,283.661146393679,278.40045,280.5405666666667
9.47374149659864,278.78843409223816,279.50055,280.208
9.496961451247167,280.4034415223019,282.723,281.3632933333334
9.520181405895691,282.0276016502702,281.86633,280.47718333333336
9.543401360544218,280.4031512868921,276.84222,277.9952266666666
9.566621315192744,277.18253957625075,275.27713,277.05264
9.58984126984127,275.58644343792275,279.03857,279.9274
9.613061224489796,280.40359846965134,285.4665,284.82545
9.636281179138322,285.3048683435777,289.97128,286.63758666666666
9.659501133786849,288.61953789549216,284.47498,282.5686866666667
9.682721088435374,283.66109147152065,273.2598,275.43626
9.7059410430839,275.5859673218413,268.574,272.2924999999999
9.729160997732427,270.85204202860905,275.0437,276.33297666666664
9.752380952380953,277.18296313112705,285.38123,284.2642333333333
9.775600907029478,285.3048948058695,292.36777,288.4216333333333
9.798820861678005,290.29155493442386,287.5159,286.3000799999999
9.822040816326531,285.30452768689884,279.01657,278.96691000000004
9.845260770975058,280.4030749552435,270.36826,274.64027666666664
9.868480725623582,272.42094880689706,274.536,276.63570000000004
9.891700680272109,277.1828679508053,285.00284,284.4634466666667
9.914920634920636,285.3048823463628,293.8515,290.47812
9.93814058956916,291.97333730219293,292.58002,289.8774000000001
9.961360544217687,290.29154631194115,283.20068,282.20901333333336
9.984580498866213,282.0274936021606,270.84634,274.8174066666667
10.00780045351474,272.4208,270.4052,273.2965800000001
10.031020408163265,272.4209403178115,278.6382,278.3888066666667
10.054240362811791,280.4034165836008,286.12302,285.1208566666668
10.077460317460318,285.30474532327094,290.60135,287.1579300000001
10.100680272108844,288.6197218949178,284.74942,283.2521166666668
10.12390022675737,283.6613911399004,274.40558,276.7494666666667
10.147120181405896,275.5861552705171,271.0934,274.0020200000001
10.170340136054422,272.4208373096735,276.50708,277.46556999999996
10.193560090702949,278.788355454521,284.79623,283.80227
10.216780045351474,285.30470647475295,290.1035,287.56681
10.24,288.61978,287.8007,286.3936666666667
10.263219954648527,286.95746324671245,281.2768,281.3067666666667
10.286439909297052,282.0277192568378,274.8428,277.4363000000001
10.309659863945578,275.5862177432077,276.1893,277.0464
10.332879818594105,277.1826175277588,280.1071,279.4972900000001
10.356099773242631,280.40330854781564,282.19547,280.5831666666666
10.379319727891156,282.02768096456845,279.44693,277.0220333333333
10.402539682539683,278.7883742881752,269.4237,270.5458766666667
10.425759637188209,269.29192838330437,262.767,264.9856133333334
10.448979591836736,263.14125811633176,262.76614,264.46402000000006
10.47219954648526,264.6654802274018,267.85892,268.15102
10.495419501133787,267.74070393009015,273.828,272.35442
10.518639455782314,273.99877332489586,275.37634,272.98138000000006
10.54185941043084,273.99892,269.7398,269.55907999999994
10.565079365079365,269.2919087106079,263.5611,265.3884866666666
10.588299319727891,264.6656455349889,262.86456,264.74752
10.611519274376418,264.66551,267.8169,268.65950666666674
10.634739229024943,269.2916263936788,275.29706,272.7469
10.65795918367347,275.58595871293255,275.12674,272.62579999999997
10.681179138321996,273.9989789021115,267.4536,267.3128633333334
10.704399092970522,266.19900469549793,259.35825,261.26837
10.727619047619047,260.11895937410327,256.99326,260.24278000000004
10.750839002267574,258.6206043743664,264.37683,264.88573
10.7740589569161,266.1983595755082,273.2871,272.0763433333333
10.797278911564627,273.99855436540156,278.5651,274.55613333333326
10.820498866213152,277.18247454571383,271.8162,271.09897333333333
10.843718820861678,272.42104181120703,262.91562,264.70858000000004
10.866938775510205,263.14163935558645,259.39392,262.2860733333334
10.890158730158731,261.6256528831193,264.54868,265.77570666666674
10.913378684807256,266.1984409755644,273.38452,272.5375166666666
10.936598639455783,273.9984629567516,279.67935,276.36254666666673
10.95981859410431,278.7880400167578,276.02377,273.80459333333334
10.983038548752834,275.58638013398445,265.71066,266.7689600000001
11.00625850340136,266.1993050512401,258.57245,261.8063233333334
11.029478458049887,260.1191137485471,261.13586,262.13758333333334
11.052698412698414,263.1409433882943,266.70444,267.4144800000001
11.075918367346938,267.7404465898503,274.40314,272.19837666666666
11.099138321995465,273.9984677517623,275.48755,272.91766333333334
11.122358276643991,273.99892,268.8623,268.7377933333334
11.145578231292518,269.29213855097896,261.86353,264.04291666666666
11.168798185941043,263.1416305170301,261.40292,263.37779666666677
11.19201814058957,263.14115,266.86694,266.66552
11.215238095238096,267.74039268815886,271.7267,269.6984133333334
11.23845804988662,270.85150872511963,270.5016,268.60815333333335
11.261678004535147,269.29191406137886,263.59616,260.8890933333334
11.284897959183674,264.6659166049676,248.56952,251.0975433333333
11.3081179138322,245.52109015765564,241.12695,243.0712533333333
11.331337868480725,241.30188718652926,239.51729,239.86391333333333
11.354557823129252,239.91183029349543,238.9475,238.8290466666667
11.377777777777778,238.53004224136282,238.02235,237.31498333333334
11.400997732426305,237.15621416282374,234.9751,235.24145333333334
11.42421768707483,234.43238133241925,232.72691,234.61075666666676
11.447437641723356,233.0820171324666,236.13026,236.81369666666674
11.470657596371883,235.78987965125066,241.58392,241.66562
11.49387755102041,241.30091872699495,247.28268,244.82863333333336
11.517097505668934,246.94104412569504,245.6193,243.76859666666675
11.54031746031746,242.69980400174973,238.40381,239.09277000000003
11.563537414965987,237.15669711953706,233.2552,235.13779666666673
11.586757369614512,234.43241857412386,233.75438,235.24623666666668
11.609977324263038,234.43211,238.72913,239.62021666666672
11.633197278911565,238.52942979000068,246.37714,244.42730333333338
11.656417233560092,245.51853727299385,248.17564,245.6434233333332
11.679637188208616,246.94147777111766,242.37749,241.44584333333333
11.702857142857143,239.91256501168982,233.7844,235.93114666666665
11.72607709750567,233.08273372583244,231.63155,233.9103033333334
11.749297052154196,233.08188,236.31496,237.42487333333338
11.77251700680272,237.15555481118213,244.32811,243.16669000000002
11.795736961451247,242.6986146138779,248.857,245.90589666666673
11.818956916099774,246.94108656930393,244.53258,243.08396000000005
11.8421768707483,241.30226009685566,235.8623,237.3297466666666
11.865396825396825,235.79091350204362,231.59436,234.32013333333336
11.888616780045352,233.08225556153207,235.50374,236.70757000000006
11.911836734693878,235.789779148869,243.02461,242.10839333333337
11.935056689342403,242.6983549039942,247.79683,245.44450666666665
11.95827664399093,246.94103685483014,245.51208,243.89259666666666
11.981496598639456,244.10569548307512,238.36888,238.95565333333332
12.004716553287983,237.15711151985988,232.986,235.22816000000006
12.027936507936507,234.4325196587506,234.3296,235.24582999999998
12.051156462585034,234.43211,238.42189,239.42376333333337
12.07437641723356,238.52927772350063,245.5198,243.50215000000003
12.097596371882087,244.1044088501394,246.56476,243.7892333333334
12.120816326530612,245.5191462869799,239.28314,393.22653333333335
12.144036281179138,237.15741943054763,693.8317,382.7637999999999
12.167256235827665,231.74030808803127,215.17656,373.7073066666667
12.190476190476192,214.97794037775384,212.11366,213.29823333333337
12.213696145124716,212.50639992498054,212.60448,212.77193333333338
12.236916099773243,212.50599,213.59766,213.3944466666667
12.26013605442177,213.7368208197837,213.9812,213.79825000000005
12.283356009070294,213.73703,213.81589,213.26550333333333
12.30657596371882,213.73703,211.99942,212.20340999999996
12.329795918367347,211.28248153861045,210.79492,211.82141000000004
12.353015873015874,211.28205,212.66989,213.43626333333333
12.376235827664399,212.5057700737109,216.84398,216.64316666666673
12.399455782312925,216.2198552899506,220.41563,218.70602666666667
12.422675736961452,219.99930611428522,218.85847,217.78200333333334
12.445895691609978,217.47354886119342,214.07191,213.3500933333333
12.469115646258503,211.28321081585818,207.1199,209.00541
12.49233560090703,206.45727424026472,205.82442,207.92753000000005
12.515555555555556,206.45636,210.83827,211.34318666666667
12.538775510204083,210.064452207984,217.36687,216.26383333333337
12.561995464852608,216.21932777969187,220.58636,217.69697
12.585215419501134,218.73239439870235,215.13768,214.55317666666667
12.60843537414966,213.73802526704003,207.93549,208.66708000000006
12.631655328798185,206.4578246631745,202.92807,205.03540333333342
12.654875283446712,204.08549167952788,204.24265,205.92950666666673
12.678095238095239,205.2670175468603,210.6178,210.7370433333333
12.701315192743765,210.06415668877617,217.35068,215.09987999999998
12.72453514739229,216.2192436242699,217.33116,215.73860333333332
12.747755102040816,216.22053,212.53397,211.97707666666665
12.770975056689343,210.06646042013563,206.0661,207.79290333333327
12.79419501133787,206.45713532446234,204.77864,206.89471333333327
12.817414965986394,205.26751779266056,209.8394,210.43299666666667
12.84063492063492,210.06410046361225,216.68095,215.67426333333336
12.863854875283447,216.21917149105184,220.50244,217.61489666666668
12.887074829931972,219.9991584790264,215.6613,215.07745666666662
12.910294784580499,213.73843671902932,209.06863,210.08405000000002
12.933514739229025,208.85637602158977,205.52222,207.45824000000007
12.956734693877552,206.45690818734738,207.78387,208.78153333333333
12.979954648526077,207.65207436221795,213.03851,212.3596866666667
13.003174603174603,212.5048619100935,216.25668,214.57558000000006
13.02639455782313,214.97461128238024,214.43155,213.3081566666667
13.049614512471656,213.73732261145972,209.23624,209.05586000000002
13.072834467120181,208.85435228575716,203.49979,200.34042000000005
13.096054421768708,204.08219856061805,188.28523,192.6991066666667
13.119274376417234,189.32091015097626,186.3123,187.8539266666667
13.14249433106576,187.14718560188362,188.96425,189.03246
13.165714285714285,189.3217260169804,191.82083,191.26977000000002
13.188934240362812,191.52132260972144,193.02423,192.08568333333332
13.212154195011339,192.6303995572273,191.41199,191.39416666666676
13.235374149659863,191.52072687244754,189.74628,190.07940333333337
13.25859410430839,189.32132,189.07994,189.65302999999997
13.281814058956916,189.32151171142243,190.13287,191.23622
13.305034013605443,190.4188093279604,194.49585,193.61521666666667
13.328253968253968,194.86885,196.21693,194.44530666666665
13.351473922902494,194.86847185889292,192.62314,192.33935000000005
13.374693877551021,192.6298652875771,188.17798,187.55970333333337
13.397913832199547,188.23002562835745,181.87799,184.83435000000003
13.421133786848072,182.87286131133533,184.44708,186.15821333333326
13.444353741496599,186.06994730472206,192.14957,191.1596433333333
13.467573696145125,192.63113597606275,196.88228,195.00151333333335
13.490793650793652,195.99754251199704,195.97269,194.73807333333335
13.514013605442177,194.86815890878142,191.35925,190.71993666666668
13.537233560090703,190.4172088782734,184.82787,185.55196333333336
13.56045351473923,184.99672893482602,180.46877,184.1442
13.583673469387755,181.8201909394602,187.13596,187.28459333333336
13.606893424036281,189.32197253844242,194.24905,193.30054666666672
13.630113378684808,193.74698278016058,198.51663,196.26452666666657
13.653333333333334,197.13279495406255,196.0279,195.0007400000001
13.676553287981859,194.86806446261835,190.45769,190.28566666666674
13.699773242630386,189.32071614597407,184.37141,185.52470333333338
13.722993197278912,184.99691741593256,181.74501,184.1036400000001
13.746213151927439,182.87292022070278,186.1945,186.88951
13.769433106575963,187.14751367370354,192.72902,192.09911000000005
13.79265306122449,192.63104390655485,197.37381,195.2238166666667
13.815873015873017,195.99742760448726,195.56862,194.12488333333334
13.839092970521543,193.74578439495235,189.43222,189.20487333333338
13.862312925170068,188.23023494709014,182.61378,184.5928533333334
13.885532879818594,182.87234,181.73256,183.97400333333331
13.908752834467121,182.8729941210372,187.57567,187.8544533333333
13.931972789115646,188.23157251466273,194.25513,192.72909999999996
13.955192743764172,193.7467560139628,196.3565,194.53623333333337
13.978412698412699,195.99732870459206,192.99707,192.52581666666669
14.001632653061225,192.63009730202657,188.22388,187.80066666666673
14.02485260770975,188.23030820864642,182.18105,182.41082666666668
14.048072562358277,182.87165258725054,176.82755,177.61676333333338
14.071292517006803,176.6428100697558,173.84169,176.30914
14.09451247165533,174.61455444611465,178.25818,177.83117333333328
14.117732426303855,178.6958563848898,181.39365,180.63312333333334
14.140952380952381,181.81907,182.24754,181.2602333333334
14.164172335600908,181.81885993975607,180.13951,179.51308999999998
14.187392290249434,179.73029510816377,176.15222,176.6252366666666
14.210612244897959,175.6254549742482,173.58398,175.18391333333332
14.233832199546486,173.60889188444935,175.81554,177.30543000000003
14.257052154195012,178.69601577746926,182.51677,181.92947
14.280272108843537,183.93200199309172,187.4561,185.489
14.303492063492063,187.14668421113436,186.49413,185.0072233333334
14.32671201814059,186.06842961537177,181.07144,180.25304333333335
14.349931972789117,180.77126138691074,173.19356,175.40308000000002
14.373151927437641,173.60841,171.94424,175.01294333333328
14.396371882086168,173.6090755111809,179.90103,179.55566666666667
14.419591836734694,181.81949142936264,186.82173,185.2230066666667
14.442811791383221,187.1468636387723,188.94626,187.2003566666667
14.466031746031746,188.23066684139303,185.83308,184.42052
14.489251700680272,184.996748452073,178.48222,178.91263333333336
14.512471655328799,178.69516734469244,172.4226,175.58789333333334
14.535691609977324,173.60869135844405,175.85886,176.78988666666672
14.55891156462585,177.66674217877517,182.0882,182.26976666666667
14.582131519274377,183.93206263980937,188.86224,186.8387566666667
14.605351473922903,189.32125078465663,189.56583,187.63264000000004
14.628571428571428,188.23071105204872,184.46985,183.23028333333332
14.651791383219955,184.99665173433186,175.65517,176.4396233333334
14.675011337868481,175.62530530815366,169.19385,171.31416666666664
14.698231292517008,169.64329972255905,169.09348,172.42002666666667
14.721451247165533,171.61484185802328,178.97275,177.75746333333336
14.744671201814059,180.7721441616327,185.20616,184.20669666666666
14.767891156462586,186.06894368386986,188.44118,186.4396433333334
14.791111111111112,187.14667713991753,185.67159,184.23516000000004
14.814331065759637,184.99692076329939,178.59271,179.63287000000005
14.837551020408164,178.6953950934278,174.63431,177.14303666666672
14.86077097505669,175.62577891072465,178.20209,177.95265333333333
14.883990929705215,178.6956131345446,181.02156,180.05733666666669
14.907210884353741,180.77187,180.94836,179.86562333333336
14.930430839002268,180.77172081368963,177.62695,176.75724
14.953650793650795,176.6428581216246,171.69641,170.66073333333335
14.97687074829932,171.61403959532254,162.65884,162.96826000000004
15.000090702947846,161.9821585541731,154.54953,156.80787666666671
15.023310657596372,154.6674847717485,153.21526,154.40462
15.046530612244899,153.77673711279874,155.44907,155.00527666666662
15.069750566893424,155.56351200117763,156.3515,156.00145666666666
15.09297052154195,156.46466,156.2038,156.45862333333335
15.116190476190477,156.46467858804,156.82057,156.70003666666665
15.139410430839003,157.37103318224956,157.07574,156.69146000000003
15.162630385487528,156.46466,156.17807,157.52667000000002
15.185850340136055,156.46471357201472,159.3262,161.09276333333332
15.209070294784581,160.12195847196563,167.77402,166.06505999999993
15.232290249433106,168.666141052498,171.09496,169.68313333333342
15.255510204081633,170.62591136274136,170.18042,168.66651666666664
15.27873015873016,169.64315049744982,164.72417,164.67776333333336
15.301950113378686,163.86449274502365,159.1287,160.03865000000002
15.32517006802721,158.2826873291849,156.26308,158.2527933333334
15.348390022675737,157.37105268632286,159.3666,159.8478433333334
15.371609977324264,160.1218473136771,163.91385,163.2781999999999
15.39482993197279,164.81376625413805,166.55415,164.98708
15.418049886621315,165.76853533809498,164.49324,163.9637733333333
15.441269841269841,163.86453301573624,160.84393,160.73273999999998
15.464489795918368,161.0494547419537,156.86105,156.8524966666667
15.487709750566895,156.46470925036283,152.85251,154.72063666666668
15.51092970521542,152.89104536864215,154.44835,155.92607333333336
15.534149659863946,155.56345085227395,160.47736,159.3873866666667
15.557369614512472,161.04933892500185,163.23645,161.85165666666668
15.580589569160997,162.92069527868102,161.84116,161.2681833333334
15.603809523809524,161.04946837619445,158.72694,158.63214000000008
15.62702947845805,158.28275214345263,155.32832,156.20937
15.650249433106577,155.56355638658897,154.57285,155.07276
15.673469387755102,154.66753362442648,155.31711,156.62966
15.696689342403628,156.4646091042498,159.99902,159.38516666666672
15.719909297052155,161.04929120352335,162.83937,161.7279200000001
15.743129251700681,162.9206696945514,162.34537,161.02882000000005
15.766349206349206,161.98241207244712,157.90172,157.78083000000004
15.789569160997733,157.37121661999663,153.0954,154.22726000000003
15.81278911564626,152.89117062657124,151.68466,154.0117866666667
15.836009070294786,152.891,157.2553,157.09447999999998
15.85922902494331,158.28246359158493,162.34348,161.55270333333326
15.882448979591837,162.92052618028129,165.05933,163.91112666666672
15.905668934240364,164.81369311213257,164.33057,163.75862333333342
15.928888888888888,163.8645654234856,161.88597,161.19098000000005
15.952108843537415,161.9824737392114,157.3564,156.83041333333335
15.975328798185942,156.46494558455925,151.24887,150.90564333333342
15.998548752834468,150.26476301951425,144.11166,144.61270333333337
16.021768707482995,143.4791077188902,138.47758,139.10849666666667
16.04498866213152,138.59160159826797,134.73625,136.25882333333334
16.068208616780044,134.64612503003946,135.56264,136.12666000000004
16.091428571428573,136.99931520056612,138.08109,137.2379466666667
16.114648526077097,137.79303962319398,138.07011,137.76211666666669
16.137868480725626,137.79309,137.13515,137.2336633333334
16.16108843537415,136.99951347691717,136.49573,136.46909666666667
16.184308390022675,136.21045471010802,135.77641,136.02766000000008
16.207528344671204,135.42594592687306,135.81084,136.3465266666667
16.23074829931973,136.21034254088363,137.45233,137.96514000000008
16.253968253968253,138.59114096632607,140.63225,140.62142000000003
16.27718820861678,141.01366310596086,143.77968,142.91601666666665
16.300408163265306,143.47853502452153,144.33612,143.64861666666673
16.32362811791383,143.47873,142.83005,142.81322666666674
16.34684807256236,142.65241859586217,141.27351,141.0615200000001
16.370068027210884,141.01398920822407,139.081,139.3611166666667
16.393287981859412,139.39431077269364,137.72884,138.20077999999995
16.416507936507937,137.79323228319845,137.7925,138.23198000000002
16.439727891156462,138.59124750464343,139.1746,138.52095333333335
16.46294784580499,138.59132,138.59576,138.11468666666673
16.486167800453515,137.79316561343626,136.5737,137.1385433333333
16.50938775510204,136.99953672775052,136.24617,136.10961999999995
16.532607709750568,136.2104778270549,135.50899,135.6047533333334
16.555827664399093,135.4259689105196,135.0591,135.8353233333333
16.579047619047618,135.42589,136.93788,137.38313333333335
16.602267573696146,137.79284264657667,140.15242,139.6093699999999
16.62548752834467,140.2014136184498,141.73781,141.26677000000004
16.6487074829932,141.83055341278623,141.91008,142.00389666666675
16.671927437641724,141.83073,142.3638,141.5740066666667
16.69514739229025,141.83073,140.44814,140.23724
16.718367346938777,140.20185613246827,137.89978,138.78220333333343
16.741587301587302,137.79336990279307,137.99869,138.39450000000005
16.764807256235827,138.59122567808458,139.28503,139.44138999999998
16.788027210884355,139.39407356410436,141.04045,140.73048333333332
16.81124716553288,141.01365228554232,141.86597,141.59096333333338
16.834467120181408,141.83062868793235,141.86647,141.16322999999997
16.857687074829933,141.0139529075335,139.75725,139.31677666666664
16.880907029478458,139.39437720475166,136.32661,137.23577666666665
16.904126984126986,136.9997710310622,135.62347,136.32882666666669
16.92734693877551,136.21050402626156,137.0364,137.9137566666667
16.950566893424035,137.7928782538022,141.0814,140.51140333333336
16.973786848072564,141.8301819229846,143.41641,142.61970333333335
16.99700680272109,143.4785030785681,143.3613,142.59431000000004
17.020226757369613,142.6524654024505,141.00522,141.38339000000005
17.04344671201814,141.0140820137069,139.78365,139.72303333333338
17.066666666666666,139.39440251220208,138.38023,139.34970000000007
17.089886621315195,138.59143682071908,139.88522,140.82136333333344
17.11310657596372,140.20143253674314,144.19864,143.68757000000002
17.136326530612244,145.14513126843485,146.97885,146.07003666666657
17.159546485260773,146.83212471822344,147.03262,146.51853666666665
17.182766439909297,146.83238,145.54414,97.5255866666667
17.205986394557822,145.98682131293697,0.0,48.51471333333337
17.22920634920635,141.83138342602842,0.0,1.8189894035458565e-14
17.252426303854875,0.022576527189812623,0.0,0.0
17.2756462585034,0.0,0.0,0.0
17.29886621315193,0.0,0.0,-1.8189894035458565e-14
17.322086167800453,0.0,0.0,1.8189894035458565e-14
17.34530612244898,0.0,0.0,-3.637978807091713e-14
17.368526077097506,0.0,0.0,7.275957614183426e-14
17.39174603174603,0.0,0.0,5.456968210637569e-14
17.41496598639456,0.0,0.0,7.275957614183426e-14
17.438185941043084,0.0,0.0,0.0
17.46140589569161,0.0,0.0,7.275957614183426e-14
17.484625850340137,0.0,0.0,1.8189894035458565e-14
17.507845804988662,0.0,0.0,-1.8189894035458565e-14
17.531065759637187,0.0,0.0,0.0
17.554285714285715,0.0,0.0,5.456968210637569e-14
17.57750566893424,0.0,0.0,3.637978807091713e-14
17.60072562358277,0.0,0.0,0.0
17.623945578231293,0.0,0.0,-5.456968210637569e-14
17.647165532879818,0.0,0.0,1.8189894035458565e-14
17.670385487528346,0.0,0.0,0.0
17.69360544217687,0.0,0.0,7.275957614183426e-14
17.716825396825396,0.0,0.0,0.0
17.740045351473924,0.0,0.0,1.0913936421275138e-13
17.76326530612245,0.0,0.0,9.094947017729283e-14
17.786485260770977,0.0,0.0,9.094947017729283e-14
17.809705215419502,0.0,0.0,0.0
17.832925170068027,0.0,0.0,7.275957614183426e-14
17.856145124716555,0.0,0.0,0.0
17.87936507936508,0.0,0.0,-5.456968210637569e-14
17.902585034013605,0.0,0.0,-5.456968210637569e-14
17.925804988662133,0.0,0.0,3.637978807091713e-14
17.949024943310658,0.0,0.0,3.637978807091713e-14
17.972244897959182,0.0,0.0,3.637978807091713e-14
17.99546485260771,0.0,0.0,3.637978807091713e-14
18.018684807256236,0.0,0.0,7.275957614183426e-14
